[?25l[0m [38;2;0;0;0m        [38;2;77;112;183m▗▆[38;2;80;117;192m▅[38;2;66;92;145m▖   [38;2;85;119;145m▂[38;2;123;182;223m▁[38;2;104;151;184m▁[0m [38;2;58;74;89m          [0m
 [38;2;0;0;0m     [38;2;62;84;130m▂[38;2;78;114;187m▁[38;2;62;85;132m▁[38;2;63;86;133m▝[38;2;67;93;148;48;2;80;117;193m▖[48;2;81;118;194m [38;2;63;86;132;48;2;78;112;184m▕[0m [38;2;57;76;114m  [38;2;84;117;143m▝[38;2;92;131;160;48;2;124;184;226m▖[48;2;125;185;227m [38;2;91;129;157;48;2;119;176;216m▕[0m  [38;2;110;160;196m▃[38;2;123;183;224m▅[38;2;122;181;222m▅[38;2;93;133;162m▖    [0m
 [38;2;0;0;0m   [0m [7m[38;2;67;94;148m▂[38;2;79;116;190m▁[0m[38;2;62;85;131;48;2;80;117;193m▁[38;2;78;114;188m▁[38;2;73;105;170;48;2;81;118;194m▔[38;2;72;103;165m▔  [0m[7m[38;2;80;117;192m▝[0m[38;2;79;114;187m▅[7m[38;2;80;116;192m▀[38;2;76;110;179m▀[38;2;78;110;154m▘[0m[38;2;103;149;182;48;2;123;181;223m▏[48;2;125;185;227m [38;2;85;118;144;48;2;124;184;226m▝[38;2;84;117;143;48;2;122;181;222m▔[38;2;124;184;226;48;2;125;185;227m▁[0m[7m[38;2;122;181;222m▂[0m[38;2;109;158;194m▀[0m [38;2;74;101;123m    [0m
   [38;2;57;74;89m    [0m [38;2;104;151;186m▃[38;2;122;181;222m▅[38;2;124;184;226;48;2;72;101;147m▅[38;2;90;129;172;48;2;100;146;191m▕[0m[7m[38;2;77;108;154m▂[38;2;80;117;193m▅[0m[38;2;79;115;188m▀[7m[38;2;77;110;180m▃[38;2;80;117;192m▃[38;2;79;114;187m▂[38;2;83;118;159m▂[0m[38;2;113;165;203;48;2;124;184;226m▏[48;2;125;185;227m [38;2;108;157;193;48;2;124;183;225m▕[0m[7m[38;2;105;153;187m▆[0m [38;2;42;48;57m [0m [38;2;71;100;160m▃[0m [38;2;52;66;95m  [0m
[7m[38;2;99;143;175m▋[0m[38;2;115;168;207;48;2;123;182;224m▁[38;2;118;174;214;48;2;124;184;226m▔[38;2;83;115;140m▔[0m[7m[38;2;122;180;221m▔[0m[38;2;124;184;225m▆[38;2;119;175;215m▆[38;2;124;184;225;48;2;89;126;154m▆[48;2;125;185;227m [38;2;82;114;139;48;2;123;183;224m▂[0m[38;2;112;165;202m▀[38;2;82;114;139m▔       [38;2;120;178;218m▝[38;2;121;178;219;48;2;124;184;226m▏[48;2;125;185;227m [0m[7m[38;2;112;163;201m▝[0m [7m[38;2;76;110;179m▀[0m[38;2;80;117;193;48;2;63;87;135m▆[48;2;81;118;194m [0m[38;2;74;107;173m▋[0m [38;2;40;44;52m [0m
  [38;2;93;132;161m▔[38;2;111;162;199m▂[38;2;91;129;158;48;2;123;183;224m▘[48;2;125;185;227m [38;2;114;167;204;48;2;124;184;226m▁[38;2;71;99;147;48;2;115;169;208m▂[38;2;83;117;158;48;2;87;126;186m▝[0m[7m[38;2;67;94;147m▝[0m [38;2;40;44;53m        [0m [38;2;124;184;225m▝[38;2;79;111;153;48;2;103;151;197m▖[38;2;87;123;159;48;2;77;111;179m▘[38;2;75;108;175;48;2;80;117;193m▔[48;2;81;118;194m [38;2;64;88;138;48;2;80;116;192m▗[0m[7m[38;2;74;106;171m▆[0m[38;2;65;90;141m▁[0m [38;2;44;52;69m [0m
  [7m[38;2;112;164;202m▍[0m[38;2;60;78;94;48;2;125;185;227m [38;2;89;127;155;48;2;124;184;225m▂[0m[38;2;116;170;209m▀[0m [7m[38;2;75;108;175m▖[0m[38;2;43;51;66;48;2;81;118;194m [38;2;79;116;190;48;2;80;117;193m▕[0m[38;2;79;115;189m▖       [0m [7m[38;2;75;107;173m▀[0m[38;2;80;117;192;48;2;60;80;123m▆[48;2;81;118;194m [38;2;63;87;135;48;2;80;117;193m▂[0m[7m[38;2;78;113;185m▂[38;2;80;117;193m▂[38;2;79;115;189m▁[0m[38;2;60;82;126;48;2;80;117;193m▁[38;2;77;112;183m▁[38;2;76;110;179;48;2;80;116;192m▔[0m[38;2;68;96;152m▍[0m
 [38;2;0;0;0m [0m [7m[38;2;105;152;186m▅[0m [38;2;52;64;77m [0m [38;2;72;102;165m▂[38;2;74;105;171;48;2;80;117;193m▏[48;2;81;118;194m [38;2;76;110;179;48;2;80;117;193m▕[0m[38;2;80;113;159m▆[38;2;121;179;220m▆[38;2;124;184;226m▅[38;2;118;174;213m▅[7m[38;2;122;181;222m▀[0m[38;2;124;184;226m▃[38;2;117;173;212m▃[38;2;95;137;177;48;2;83;120;182m▖[38;2;89;128;164;48;2;80;117;193m▃[0m[7m[38;2;81;117;184m▗[38;2;71;100;161m▅[0m [38;2;45;54;71m    [0m  [38;2;57;75;113m [0m
 [38;2;0;0;0m   [0m [7m[38;2;73;105;169m▀[0m[38;2;80;116;191m▆[38;2;80;117;193;48;2;81;118;194m▔[38;2;63;85;132;48;2;80;116;191m▁[38;2;62;85;131;48;2;80;117;193m▖[48;2;81;118;194m [38;2;72;102;163;48;2;80;116;191m▕[0m[7m[38;2;84;119;160m▗[0m[38;2;114;167;205m▀[38;2;123;182;223m▀[7m[38;2;120;177;217m▃[38;2;124;183;225m▖[0m[38;2;76;104;126;48;2;125;185;227m  [38;2;104;151;185;48;2;124;184;226m▁[38;2;106;154;189;48;2;125;185;227m▁[38;2;122;181;222;48;2;124;184;226m▔[38;2;94;135;165;48;2;125;185;227m▔[0m[7m[38;2;123;182;223m▔[38;2;93;132;162m▔[0m [38;2;69;92;112m    [0m
 [38;2;0;0;0m   [38;2;67;93;146m▝[7m[38;2;80;117;192m▃▃[38;2;74;107;173m▅[0m [38;2;60;82;125m▝[38;2;65;90;141;48;2;80;117;193m▖[48;2;81;118;194m [38;2;66;92;144;48;2;79;114;188m▕[0m[38;2;64;87;135m▖  [0m [38;2;84;118;144;48;2;124;184;226m▖[48;2;125;185;227m [38;2;96;137;168;48;2;121;179;219m▕[0m[38;2;90;127;155m▖[0m [38;2;119;175;214m▔[38;2;103;149;182m▔      [0m
 [38;2;0;0;0m         [0m [38;2;74;105;171m▔[7m[38;2;70;99;159m▆[38;2;64;87;136m▆[0m[38;2;40;44;53m   [38;2;94;133;163m▝[7m[38;2;123;182;223m▃[38;2;124;184;225m▃[0m[38;2;117;172;211m▘         [0m
[?25h