[?25l[0m [38;2;0;0;0m         [0m [38;2;70;99;159m▁[38;2;69;97;154m▂[38;2;79;115;188m▂[38;2;64;88;137m▂  [38;2;67;93;146m▗[38;2;80;117;192m▅▅[38;2;76;110;180m▖         [0m
 [38;2;0;0;0m   [38;2;94;134;164m▗[38;2;122;181;222m▅[38;2;123;183;224m▅[38;2;110;161;197m▃[0m [38;2;58;74;90m [0m [7m[38;2;68;95;151m▆[38;2;77;111;181m▃[0m[38;2;69;96;152;48;2;80;117;193m▁[38;2;79;115;190;48;2;81;118;194m▔[0m[38;2;78;113;184m▆[38;2;77;111;182m▃[38;2;63;87;135;48;2;78;113;184m▏[48;2;81;118;194m [38;2;66;91;143;48;2;78;114;186m▕[0m[38;2;63;86;132m▘  [0m [38;2;47;57;68m      [0m
 [38;2;0;0;0m   [0m [38;2;108;158;193m▀[7m[38;2;122;181;222m▂[0m[38;2;124;184;226;48;2;125;185;227m▏[38;2;84;117;142;48;2;122;181;222m▔[0m[7m[38;2;118;174;214m▀[0m[38;2;115;168;206m▂[38;2;123;183;224m▂[38;2;119;175;215m▃[38;2;124;184;226m▃[38;2;67;92;145;48;2;96;140;189m▘[38;2;72;100;142;48;2;79;116;190m▂[38;2;80;117;193;48;2;81;118;194m▏ [38;2;80;116;191m▕[0m[38;2;69;97;155m▍  [0m [7m[38;2;121;179;219m▘[0m[38;2;118;174;214m▆[38;2;104;150;184m▃[0m [38;2;40;44;52m   [0m
 [38;2;0;0;0m [0m [38;2;120;178;218m▅[38;2;122;181;222m▆[38;2;124;184;226m▆[7m[38;2;124;183;225m▔[0m[38;2;123;182;224;48;2;125;185;227m▔[38;2;124;183;225m▁[38;2;99;142;174m▁[0m[7m[38;2;124;183;225m▁[38;2;124;184;226m▂[38;2;122;180;221m▂[38;2;124;184;225m▃[38;2;118;173;212m▃[0m[38;2;112;164;201m▀[7m[38;2;73;103;157m▅[38;2;78;113;184m▃[0m[38;2;72;103;166;48;2;80;117;193m▁[38;2;78;112;184;48;2;81;118;194m▔[0m[38;2;79;116;190m▅[38;2;72;103;166m▖[7m[38;2;117;171;210m▘[0m[38;2;51;63;76;48;2;125;185;227m [38;2;118;173;212;48;2;124;184;226m▕[0m[38;2;118;173;212m▘ [0m  [38;2;79;109;132m [0m
 [38;2;0;0;0m [38;2;114;167;205m▝[7m[38;2;124;184;226m▅[38;2;119;175;214m▅[38;2;123;182;223m▆[38;2;107;156;191m▆[38;2;77;111;174m▘[0m[38;2;81;118;194;48;2;69;94;130m▆[0m[7m[38;2;80;117;192m▔[0m[38;2;75;108;176m▘       [0m [38;2;75;107;173m▀[7m[38;2;78;114;187m▂[0m[38;2;114;167;205;48;2;80;112;150m▐[48;2;125;185;227m  [38;2;110;161;197;48;2;123;182;224m▔[0m[7m[38;2;123;181;223m▔[0m[38;2;86;121;148;48;2;125;185;227m▔[38;2;120;177;217;48;2;124;184;226m▔[38;2;116;171;209;48;2;123;182;224m▕[0m[38;2;98;141;172m▍[0m
  [38;2;64;88;137m▁[38;2;79;116;190m▁[38;2;76;110;179m▂[38;2;80;117;193m▂[7m[38;2;74;105;171m▘[0m[38;2;80;117;193;48;2;81;118;194m▔▁[0m[38;2;80;117;192m▘         [0m [38;2;124;184;226m▗[48;2;125;185;227m▔▁[0m[7m[38;2;109;158;194m▗[38;2;124;184;226m▆[38;2;115;168;207m▆[0m[38;2;122;180;221m▔[38;2;88;124;152m▔[0m [38;2;48;58;70m [0m
[38;2;66;91;143m▐[38;2;76;109;178;48;2;80;117;192m▔[38;2;78;113;185;48;2;80;117;193m▁[38;2;61;82;127;48;2;81;118;194m▁[0m[7m[38;2;79;116;190m▁[0m[38;2;75;107;173;48;2;80;116;192m▏[48;2;81;118;194m  [38;2;74;103;141;48;2;74;107;172m▐[0m[38;2;120;178;218m▆[7m[38;2;112;165;202m▀[0m [38;2;82;114;139m       [38;2;115;169;207m▗[7m[38;2;124;183;225m▁[0m[38;2;76;105;139;48;2;125;185;227m▂[0m[7m[38;2;107;157;196m▗[0m[38;2;74;106;171m▂[38;2;80;117;192m▂[38;2;78;114;187m▃[7m[38;2;76;110;179m▀[0m[38;2;77;111;182m▖  [0m
   [38;2;48;59;81m [38;2;78;113;185m▗[48;2;80;117;193m▏[48;2;81;118;194m [0m[7m[38;2;76;109;177m▗[0m[38;2;108;157;192m▝[7m[38;2;122;181;222m▃[0m[38;2;119;175;215;48;2;125;185;227m▁[38;2;108;157;192;48;2;124;184;226m▔[0m[38;2;119;175;215m▅[38;2;97;140;176m▃[7m[38;2;76;109;176m▀[0m[38;2;78;113;185m▅[38;2;80;117;193m▅[38;2;80;116;191m▆[38;2;81;118;194m▆[7m[38;2;80;117;193m▔[0m[38;2;71;101;163;48;2;81;118;194m▔[38;2;80;117;193m▔▁[0m[7m[38;2;80;117;193m▁▂[38;2;80;116;190m▂[38;2;79;115;189m▃[0m [38;2;54;70;102m  [0m
 [38;2;0;0;0m  [0m [7m[38;2;72;102;163m▅[38;2;78;113;185m▂[38;2;78;113;186m▗[0m [38;2;48;60;83m  [7m[38;2;101;146;179m▋[0m[38;2;123;182;224;48;2;125;185;227m▏ [38;2;124;184;226m▔[38;2;122;181;222;48;2;82;116;151m▆[38;2;72;101;153;48;2;98;143;190m▘[0m[7m[38;2;80;117;193m▅[38;2;78;114;186m▅[38;2;80;117;192m▆[38;2;77;111;180m▆[0m[38;2;78;113;184m▀[38;2;62;84;129;48;2;80;116;190m▁[48;2;81;118;194m [0m[38;2;80;116;191m▆[7m[38;2;74;105;170m▀[0m [38;2;57;75;113m    [0m
 [38;2;0;0;0m     [0m [38;2;43;50;64m  [38;2;88;124;151m▗[38;2;94;133;163;48;2;120;177;218m▏[48;2;125;185;227m [38;2;89;126;154;48;2;119;175;215m▕[0m[7m[38;2;118;173;213m▅[38;2;119;175;215m▂[0m[38;2;122;181;222;48;2;125;185;227m▁[38;2;100;144;176;48;2;124;184;225m▔[0m[38;2;117;172;210m▅[38;2;99;143;174m▂[0m [38;2;40;45;53m [0m [7m[38;2;74;106;172m▅[38;2;80;117;192m▃[38;2;80;116;191m▃[0m[38;2;68;96;153m▘    [0m
 [38;2;0;0;0m        [38;2;116;171;209m▝[7m[38;2;124;183;225m▃▃[0m[38;2;95;136;166m▘  [7m[38;2;91;129;157m▆[38;2;121;179;220m▆[38;2;101;145;178m▆[0m[38;2;103;150;183m▔[0m [38;2;43;49;58m          [0m
[?25h