[?25l[0m [38;2;0;0;0m      [0m [38;2;103;148;182m▃[7m[38;2;122;180;221m▀[38;2;105;153;187m▀[0m [38;2;46;54;64m  [0m [38;2;76;109;178m▂[38;2;78;113;186m▂[38;2;74;106;172m▂[0m [38;2;56;73;108m   [0m  [38;2;40;44;53m      [0m
 [38;2;0;0;0m      [0m [38;2;123;182;224m▝[38;2;118;173;212;48;2;124;184;226m▁[48;2;125;185;227m [0m[7m[38;2;114;168;206m▝[0m [38;2;62;81;98m  [38;2;72;103;165m▝[38;2;69;96;152;48;2;80;116;191m▂[48;2;81;118;194m [38;2;62;84;130;48;2;78;113;184m▔[0m[38;2;68;95;151m▖[38;2;67;92;146m▂[38;2;78;114;187m▅[38;2;77;111;182;48;2;81;118;194m▔[38;2;67;94;149;48;2;79;116;190m▔[0m[38;2;61;82;126m▎     [0m
 [38;2;0;0;0m  [0m [38;2;100;144;176m▃[38;2;120;178;218m▆[7m▔[0m[38;2;124;184;226m▆[38;2;123;182;223m▆[38;2;102;147;180;48;2;119;176;216m▏[48;2;125;185;227m  [0m[7m[38;2;123;182;223m▝[0m[38;2;116;171;209m▅[7m[38;2;124;183;225m▀[38;2;120;178;218m▀[0m[38;2;122;181;222m▃[38;2;70;95;133;48;2;80;116;190m▖[48;2;81;118;194m [38;2;73;104;169;48;2;80;117;193m▔[38;2;79;115;189;48;2;81;118;194m▔[38;2;76;109;177;48;2;80;117;193m▁[0m[7m[38;2;77;110;180m▃[0m[38;2;60;82;125m▘      [0m
 [38;2;0;0;0m  [0m [38;2;124;184;226m▔[7m[38;2;111;162;199m▆[38;2;120;176;216m▆[38;2;124;184;226m▆[38;2;88;125;167m▖[0m[38;2;92;134;188;48;2;91;132;188m▕[38;2;94;136;190;48;2;93;135;189m▕[38;2;64;89;138;48;2;101;148;196m▗[0m[38;2;120;177;218m▀[38;2;124;183;225m▀[38;2;124;184;226m▀[7m[38;2;120;177;217m▃[38;2;124;183;225m▃[38;2;102;148;186m▃[38;2;75;109;176m▖[0m[38;2;49;59;76;48;2;81;118;194m  [0m[7m[38;2;72;102;165m▝[0m [38;2;42;48;60m [0m [7m[38;2;116;171;210m▀[38;2;113;166;204m▝[0m [38;2;62;82;99m  [0m
[38;2;67;93;147m▃[7m[38;2;80;117;193m▀[38;2;80;117;192m▀[38;2;78;113;186m▀[0m[38;2;80;117;193m▃[38;2;80;116;191m▃[38;2;79;115;189m▃[7m[38;2;78;113;185m▘[0m[38;2;80;117;193;48;2;81;118;194m▔[38;2;66;92;145;48;2;80;116;191m▁[0m[38;2;75;108;176m▀[0m [38;2;55;72;107m      [0m [7m[38;2;67;94;149m▖[0m[38;2;79;114;187;48;2;80;117;193m▁[38;2;80;117;193;48;2;81;118;194m▁[0m[7m[38;2;73;102;155m▝[38;2;116;170;208m▀[0m[38;2;98;141;172;48;2;123;183;224m▔[38;2;124;184;226;48;2;125;185;227m▁[0m[7m[38;2;119;175;214m▗[0m[38;2;105;152;186m▘  [0m
[38;2;75;107;173m▝[38;2;80;117;193m▀[7m[38;2;77;110;180m▃[38;2;79;114;188m▃[0m[38;2;62;85;132;48;2;80;117;192m▖[48;2;81;118;194m  [38;2;69;96;151;48;2;80;116;192m▁[38;2;75;105;155;48;2;94;137;193m▞[0m[38;2;116;171;209m▖          [38;2;78;112;184m▝[38;2;78;109;149;48;2;101;148;195m▝[38;2;98;140;173;48;2;123;182;224m▔[48;2;125;185;227m  [38;2;88;123;151;48;2;124;183;225m▝[0m[38;2;121;179;219m▅[38;2;116;171;209m▅[7m[38;2;124;183;225m▀[0m[38;2;112;164;201m▖[0m
 [38;2;0;0;0m [38;2;71;100;160m▗[38;2;78;112;184m▆[38;2;80;117;193;48;2;81;118;194m▔[38;2;68;95;150;48;2;80;117;192m▁[0m[38;2;76;110;179m▀[7m[38;2;93;132;167m▖[0m[38;2;124;184;226;48;2;125;185;227m▏[38;2;119;175;215;48;2;124;184;226m▔[0m[38;2;124;183;225m▖[0m [38;2;43;50;59m      [0m [7m[38;2;114;167;205m▀[0m[38;2;95;136;166;48;2;123;182;223m▔[38;2;124;184;226;48;2;125;185;227m▁[0m[7m[38;2;120;176;216m▗[38;2;122;180;221m▅[38;2;123;182;224m▅[38;2;124;184;226m▅[0m[38;2;119;176;216m▀[38;2;123;183;224m▀[38;2;124;184;226m▀[7m[38;2;97;138;169m▅[0m
 [38;2;0;0;0m [0m [7m[38;2;75;108;175m▖[0m[38;2;76;110;180m▀[0m [38;2;57;76;114m [0m [7m[38;2;105;153;187m▖[0m[38;2;46;54;65;48;2;125;185;227m  [0m[7m[38;2;112;163;200m▝[0m[38;2;74;105;163m▅[38;2;80;116;191m▅[38;2;77;112;183m▅[7m[38;2;80;117;193m▀[38;2;80;116;191m▀[38;2;78;112;184m▀[0m[38;2;75;105;151;48;2;91;131;181m▏[48;2;96;139;190m [38;2;98;142;191;48;2;97;142;191m▕[0m[7m[38;2;88;127;171m▐[0m[38;2;80;116;192m▂[38;2;77;111;182m▂[38;2;72;102;165m▂[38;2;80;117;192m▁[0m [38;2;48;59;82m   [0m
 [38;2;0;0;0m     [0m [38;2;116;170;208m▅[38;2;113;165;203;48;2;124;184;226m▔[38;2;120;177;217m▁[38;2;107;155;190m▁[48;2;125;185;227m [0m[7m[38;2;122;180;221m▝[38;2;76;108;161m▗[0m[38;2;79;115;189m▀[38;2;80;117;193m▀[7m[38;2;77;112;182m▃[38;2;80;116;191m▖[0m[38;2;55;72;107;48;2;81;118;194m  [38;2;70;99;157;48;2;78;113;185m▕[0m[7m[38;2;80;117;192m▂[38;2;80;117;193m▂[38;2;79;115;188m▁[38;2;79;114;188m▂[38;2;69;98;156m▅[0m [38;2;41;47;58m   [0m
 [38;2;0;0;0m    [0m [38;2;91;129;158;48;2;122;180;221m▁[38;2;112;163;200;48;2;124;184;226m▁[0m[7m[38;2;119;176;216m▃[38;2;92;131;161m▆[0m[38;2;97;139;170m▝[38;2;84;117;143;48;2;124;184;226m▖[48;2;125;185;227m [38;2;90;128;156;48;2;120;177;217m▔[0m[38;2;104;150;184m▖  [0m [7m[38;2;76;109;178m▖[0m[38;2;44;52;68;48;2;81;118;194m [38;2;77;111;181;48;2;80;117;193m▔[0m[38;2;80;116;191m▖[0m [38;2;41;46;56m       [0m
 [38;2;0;0;0m     [0m  [38;2;46;54;65m   [0m [7m[38;2;107;155;190m▆[38;2;117;171;210m▆[38;2;111;163;199m▆[0m [38;2;42;48;58m  [0m [38;2;72;102;165m▀[38;2;80;116;191m▀[7m[38;2;71;100;161m▅[0m [38;2;42;47;59m       [0m
[?25h