[?25l[0m [38;2;0;0;0m     [0m  [38;2;42;49;63m    [38;2;83;116;142m▂[38;2;118;173;212m▂[38;2;123;182;224m▂[38;2;114;167;205m▂[0m [38;2;45;52;62m [0m [7m[38;2;107;155;190m▀[38;2;123;182;224m▀[0m[38;2;112;164;201m▖[0m [38;2;43;49;58m       [0m
 [38;2;0;0;0m    [7m[38;2;62;84;130m▊[0m[38;2;66;92;145;48;2;80;116;190m▔[38;2;75;109;177;48;2;81;118;194m▔[0m[38;2;78;114;186m▅[38;2;66;91;144m▖  [0m [38;2;112;163;200m▀[38;2;90;128;156;48;2;122;181;222m▁[48;2;125;185;227m [0m[7m[38;2;121;178;219m▝[0m[38;2;108;157;193m▃[7m[38;2;116;170;209m▘[0m[38;2;50;61;74;48;2;125;185;227m [38;2;116;170;208;48;2;124;184;226m▁[0m[38;2;123;182;223m▘[0m [38;2;42;48;57m       [0m
 [38;2;0;0;0m  [0m [38;2;73;104;167m▁[38;2;79;116;190m▁[38;2;81;118;194m▁[38;2;60;81;124;48;2;79;114;188m▖[48;2;81;118;194m [38;2;79;114;188m▔[0m[38;2;78;113;185m▅[38;2;79;116;190m▃[38;2;80;117;193m▃[7m[38;2;77;111;180m▀[38;2;79;115;188m▀[0m[38;2;75;105;148;48;2;100;146;193m▗[38;2;94;134;166;48;2;123;181;223m▁[48;2;125;185;227m  [38;2;109;158;194;48;2;124;183;225m▕[0m[38;2;112;164;201m▘  [0m [38;2;72;102;163m▅[38;2;70;98;157m▃[0m [38;2;42;48;59m   [0m
 [38;2;0;0;0m [0m [7m[38;2;78;113;184m▘[0m[38;2;74;107;173;48;2;81;118;194m▁[38;2;63;85;133m▁[0m[7m[38;2;80;117;193m▁[38;2;80;117;192m▁[0m[38;2;72;100;138;48;2;81;118;194m▂[38;2;78;109;141;48;2;80;117;193m▂[38;2;87;123;153;48;2;80;117;192m▂[0m[7m[38;2;79;114;187m▂[38;2;80;117;193m▃[38;2;80;117;192m▃[38;2;79;114;188m▃[0m[38;2;81;118;194m▀[38;2;75;106;160m▀[38;2;114;167;205m▀[38;2;93;133;163;48;2;123;182;223m▁[38;2;124;184;226;48;2;125;185;227m▔[0m[7m[38;2;120;177;217m▝[0m[38;2;99;143;175m▃[0m [7m[38;2;77;112;183m▘[0m[38;2;46;56;76;48;2;81;118;194m [38;2;74;106;172;48;2;80;117;193m▁[0m[38;2;73;105;169m▘   [0m
 [38;2;0;0;0m [0m   [38;2;41;47;58m [0m [7m[38;2;112;164;201m▘[0m[38;2;124;184;226;48;2;125;185;227m▔[38;2;119;176;216;48;2;124;184;226m▁[0m[38;2;106;154;189m▀[0m [38;2;44;51;61m      [0m [38;2;114;167;205m▀[38;2;93;132;162;48;2;123;182;223m▁[38;2;70;97;142;48;2;101;146;182m▂[38;2;63;85;126;48;2;80;117;193m▘[48;2;81;118;194m [38;2;80;117;193m▕[0m[7m[38;2;75;107;174m▝[38;2;78;114;187m▀[38;2;80;117;192m▀[38;2;80;117;193m▀[0m[38;2;73;105;169m▖[0m
[38;2;110;161;197m▗[7m[38;2;124;183;225m▀[38;2;125;185;227m▀[0m[38;2;120;177;217m▅[38;2;123;182;224m▅[38;2;124;184;226m▅[7m[38;2;122;181;222m▘[0m[38;2;78;108;132;48;2;125;185;227m [38;2;103;150;184;48;2;123;182;223m▁[0m[38;2;117;172;211m▘          [38;2;76;109;177m▗[38;2;69;97;153;48;2;79;116;190m▔[48;2;81;118;194m [0m[7m[38;2;80;116;191m▗[38;2;80;117;193m▃[38;2;80;116;192m▃[38;2;78;114;187m▃[0m[38;2;81;118;194m▀[38;2;80;117;192m▀[38;2;75;108;175m▘[0m
[38;2;108;157;193m▝[38;2;124;184;226m▀[38;2;124;184;225m▀[38;2;121;178;219m▀[7m[38;2;112;163;200m▖[0m[38;2;124;184;225;48;2;125;185;227m▏ [38;2;86;121;151;48;2;124;184;226m▗[38;2;66;91;136;48;2;82;118;172m▝[38;2;65;90;141;48;2;80;116;191m▔[0m[7m[38;2;75;108;176m▀[0m [38;2;55;72;107m      [0m [38;2;80;117;192m▗[38;2;77;111;182;48;2;80;117;193m▔[48;2;81;118;194m [0m[7m[38;2;75;108;176m▗[0m [38;2;50;63;90m [0m   [38;2;51;62;74m  [0m
 [38;2;0;0;0m  [38;2;107;155;190m▗[38;2;108;157;192;48;2;124;183;225m▔[48;2;125;185;227m [0m[7m[38;2;120;177;217m▗[0m [7m[38;2;68;96;152m▅[38;2;78;114;186m▖[0m[38;2;80;117;193;48;2;81;118;194m▏[38;2;66;90;142;48;2;80;116;191m▔[0m[7m[38;2;76;109;176m▀[38;2;94;135;171m▀[38;2;124;184;226m▀[0m[38;2;119;176;216m▅[38;2;123;182;224m▅[38;2;124;184;226m▅[38;2;119;176;215m▆[38;2;123;182;223;48;2;65;89;136m▆[38;2;124;184;226;48;2;66;90;129m▆[38;2;125;185;227;48;2;72;100;134m▆[0m[7m[38;2;122;181;222m▔[38;2;124;184;226m▔[38;2;125;185;227m▔[0m[38;2;104;151;185;48;2;125;185;227m▔[0m[7m[38;2;117;172;210m▗[0m [38;2;66;87;106m  [0m
 [38;2;0;0;0m  [0m [7m[38;2;100;145;177m▅[38;2;108;158;193m▃[0m [38;2;54;68;82m  [38;2;74;106;172m▗[38;2;73;104;167;48;2;80;117;192m▏[48;2;81;118;194m  [38;2;68;95;146;48;2;80;116;190m▔[38;2;80;112;149;48;2;87;126;182m▘[0m[38;2;121;178;219m▀[38;2;115;170;208m▀[7m[38;2;124;184;226m▅[38;2;121;179;220m▅[38;2;119;175;215m▃[0m[38;2;120;177;217;48;2;124;184;226m▁[48;2;125;185;227m [0m[7m[38;2;120;176;217m▝[0m[38;2;125;185;227m▔[38;2;121;179;219m▔[38;2;106;153;187m▔[0m [38;2;49;58;70m   [0m
 [38;2;0;0;0m      [0m [38;2;80;116;191m▗[38;2;76;110;179;48;2;80;117;193m▔[48;2;81;118;194m [0m[7m[38;2;76;110;179m▗[38;2;72;103;166m▅[38;2;79;114;187m▖[0m[38;2;55;72;107;48;2;81;118;194m [38;2;64;88;136;48;2;79;116;190m▔[0m[7m[38;2;74;106;172m▀[0m [38;2;53;68;99m  [38;2;93;131;161m▝[7m[38;2;119;176;216m▃[0m[38;2;112;164;201;48;2;125;185;227m▁[38;2;91;129;158;48;2;122;180;221m▁[0m [38;2;82;113;139m     [0m
 [38;2;0;0;0m      [0m [38;2;74;107;173m▝[38;2;80;116;191m▀[38;2;72;102;165m▀[0m [38;2;43;50;64m [0m [7m[38;2;75;108;175m▆[38;2;80;116;191m▆[38;2;77;112;182m▆[38;2;60;82;125m▆[0m[38;2;40;44;52m    [0m [38;2;44;51;61m       [0m
[?25h