[?25l[0m [38;2;0;0;0m  [0m     [38;2;41;46;58m    [38;2;82;114;139m▂[38;2;116;171;210m▂[38;2;123;182;223m▂[38;2;113;166;204m▂[0m [38;2;45;53;64m [0m [7m[38;2;105;153;187m▀[38;2;123;181;223m▀[0m[38;2;102;147;180m▃[0m [38;2;43;50;59m       [0m
 [38;2;0;0;0m    [7m[38;2;62;84;129m▊[0m[38;2;67;94;149;48;2;79;116;190m▔[38;2;73;105;170;48;2;80;117;193m▔[0m[38;2;78;113;184m▅[38;2;64;89;138m▖  [0m [38;2;112;164;201m▀[38;2;91;129;157;48;2;122;181;222m▁[48;2;125;185;227m [0m[7m[38;2;121;178;219m▝[0m[38;2;108;156;192m▃[7m[38;2;115;168;206m▘[0m[38;2;49;59;71;48;2;125;185;227m [38;2;117;172;212;48;2;124;184;226m▁[0m[38;2;123;183;224m▘[0m [38;2;42;48;57m       [0m
 [38;2;0;0;0m  [0m [38;2;70;100;159m▁[38;2;78;114;186m▁[38;2;80;117;193m▁[7m[38;2;78;114;186m▖[0m[38;2;59;79;120;48;2;81;118;194m [38;2;78;112;183;48;2;80;117;193m▔[0m[38;2;77;112;183m▅[38;2;79;115;188m▃[38;2;80;117;193m▃[7m[38;2;76;110;178m▀[38;2;78;114;187m▀[0m[38;2;74;103;143;48;2;100;145;192m▗[38;2;94;134;166;48;2;123;181;223m▁[48;2;125;185;227m  [38;2;110;160;196;48;2;124;183;225m▕[0m[38;2;114;166;204m▘  [0m [38;2;74;105;170m▅[38;2;70;99;159m▃[0m [38;2;42;48;60m   [0m
 [38;2;0;0;0m [0m [7m[38;2;77;111;182m▘[0m[38;2;71;101;163;48;2;81;118;194m▁[0m[7m[38;2;81;118;194m▁[38;2;80;117;193m▁[38;2;80;116;190m▁[0m[38;2;71;97;132;48;2;81;118;194m▂[38;2;77;107;137;48;2;80;117;193m▂[38;2;87;122;151;48;2;80;116;191m▂[0m[7m[38;2;78;113;185m▂[38;2;80;117;193m▃[38;2;80;116;192m▃[38;2;78;113;186m▃[0m[38;2;80;117;193m▀[38;2;73;103;154m▀[38;2;114;167;205m▀[38;2;94;134;164;48;2;123;182;223m▁[48;2;125;185;227m [0m[7m[38;2;120;177;217m▝[0m[38;2;100;144;176m▃[0m [7m[38;2;79;114;187m▘[0m[38;2;49;62;87;48;2;81;118;194m [38;2;74;105;170;48;2;80;117;193m▁[0m[38;2;74;106;171m▘   [0m
 [38;2;0;0;0m [0m   [38;2;40;45;55m [0m [7m[38;2;112;164;201m▘[0m[38;2;124;184;226;48;2;125;185;227m▔[38;2;119;175;215;48;2;124;184;226m▁[0m[38;2;124;183;225m▘[0m [38;2;43;50;60m      [0m [38;2;114;168;206m▀[38;2;94;134;164;48;2;123;182;224m▁[38;2;71;100;152;48;2;99;144;183m▁[38;2;70;98;148;48;2;78;113;185m▔[48;2;81;118;194m [38;2;80;117;193m▕[0m[7m[38;2;75;108;176m▝[38;2;79;115;190m▀[38;2;80;117;193m▀▀[0m[38;2;74;106;171m▖[0m
[38;2;111;161;198m▗[7m[38;2;124;183;225m▀[38;2;125;185;227m▀[0m[38;2;120;177;217m▅[38;2;123;182;224m▅[38;2;124;184;226m▅[7m[38;2;122;181;222m▘[0m[38;2;78;108;132;48;2;125;185;227m [38;2;102;148;182;48;2;123;182;223m▁[0m[38;2;116;171;209m▘          [38;2;78;112;184m▗[38;2;72;102;163;48;2;80;116;192m▔[48;2;81;118;194m [0m[7m[38;2;80;116;191m▗[38;2;81;118;194m▃[38;2;80;117;192m▃[38;2;79;114;187m▃[38;2;77;110;180m▃[0m[38;2;80;117;193m▀[38;2;75;107;173m▘[0m
[38;2;108;157;192m▝[38;2;124;184;226m▀[38;2;124;183;225m▀[38;2;121;178;219m▀[7m[38;2;112;164;201m▖[0m[38;2;124;184;225;48;2;125;185;227m▏ [38;2;85;119;149;48;2;124;184;226m▗[38;2;92;132;165;48;2;76;109;165m▔[38;2;64;88;137;48;2;80;116;190m▔[0m[7m[38;2;75;107;174m▀[0m [38;2;54;69;101m      [0m [7m[38;2;67;94;149m▘[0m[38;2;79;114;187;48;2;80;117;193m▔[48;2;81;118;194m [0m[7m[38;2;75;108;175m▗[0m [38;2;50;63;88m [0m   [38;2;52;64;77m  [0m
 [38;2;0;0;0m  [38;2;108;157;192m▗[38;2;109;159;195;48;2;124;183;225m▔[48;2;125;185;227m [0m[7m[38;2;119;176;216m▗[0m [7m[38;2;70;98;157m▅[38;2;79;114;187m▖[0m[38;2;56;73;108;48;2;81;118;194m [38;2;64;88;136;48;2;79;116;190m▔[0m[7m[38;2;75;107;173m▀[38;2;92;131;165m▀[38;2;124;184;226m▀[0m[38;2;120;177;217m▅[38;2;123;183;224m▅[38;2;124;184;226m▅[38;2;119;176;216m▆[38;2;123;182;224;48;2;66;92;139m▆[38;2;124;184;226;48;2;67;93;133m▆[38;2;125;185;227;48;2;74;102;137m▆[0m[7m[38;2;123;181;223m▔[38;2;124;184;226m▔[38;2;125;185;227m▔[0m[38;2;106;154;189;48;2;125;185;227m▔[0m[7m[38;2;118;173;212m▗[0m [38;2;67;90;109m  [0m
 [38;2;0;0;0m  [0m [7m[38;2;101;145;177m▅[38;2;107;156;192m▃[0m [38;2;53;66;80m  [38;2;76;109;177m▗[38;2;74;107;173;48;2;80;117;193m▏[48;2;81;118;194m  [38;2;66;92;140;48;2;79;115;190m▔[38;2;77;107;141;48;2;86;124;179m▘[0m[38;2;120;178;218m▀[38;2;115;169;208m▀[7m[38;2;124;184;226m▅[38;2;121;179;220m▅[38;2;118;174;213m▃[0m[38;2;118;175;214;48;2;124;184;226m▁[48;2;125;185;227m [0m[7m[38;2;120;177;218m▝[0m[38;2;124;184;226m▔[38;2;120;178;218m▔[38;2;105;152;186m▔[0m [38;2;49;59;70m   [0m
 [38;2;0;0;0m      [0m [38;2;80;116;192m▗[38;2;77;112;182;48;2;80;117;193m▔[48;2;81;118;194m [0m[7m[38;2;75;108;176m▗[38;2;73;104;168m▅[38;2;79;115;188m▖[0m[38;2;57;76;113;48;2;81;118;194m [38;2;62;85;131;48;2;79;115;189m▔[0m[7m[38;2;73;105;169m▀[0m [38;2;51;65;93m  [38;2;91;128;157m▝[7m[38;2;119;175;215m▃[0m[38;2;110;161;198;48;2;124;184;226m▁[38;2;98;140;172;48;2;122;181;222m▁[0m[38;2;85;120;146m▎     [0m
 [38;2;0;0;0m      [0m [7m[38;2;71;100;161m▅[0m[38;2;80;116;192m▀[38;2;71;101;162m▀[0m [38;2;42;48;61m [0m [7m[38;2;76;110;178m▆[38;2;80;117;192m▆[38;2;77;112;183m▆[0m [38;2;40;44;52m    [0m     [38;2;43;50;59m   [0m
[?25h