[?25l[0m [38;2;0;0;0m        [38;2;78;113;185m▗[38;2;77;112;183m▆[38;2;80;117;192m▅[38;2;67;93;147m▖   [38;2;87;122;148m▂[38;2;100;144;177m▂[38;2;107;155;190m▁[0m [38;2;58;75;91m     [0m    [38;2;40;44;52m [0m
 [38;2;0;0;0m     [38;2;72;102;164m▁[38;2;79;114;188m▁[38;2;61;83;127m▁[38;2;66;91;143m▝[38;2;68;95;151;48;2;79;115;189m▏[48;2;81;118;194m [38;2;63;86;134;48;2;78;113;184m▕[0m [38;2;58;77;117m  [38;2;85;119;146m▝[38;2;93;132;162;48;2;124;184;226m▖[48;2;125;185;227m [38;2;90;127;155;48;2;119;176;216m▕[0m  [38;2;111;163;199m▃[38;2;124;183;225m▅[38;2;123;182;223m▅[38;2;92;131;161m▖[0m [38;2;47;55;66m   [0m
 [38;2;0;0;0m   [0m [7m[38;2;67;93;146m▁[38;2;80;117;192m▁[0m[38;2;68;96;152;48;2;81;118;194m▁[38;2;80;116;191;48;2;80;117;193m▁[38;2;74;105;171;48;2;81;118;194m▔[38;2;73;104;167m▔  [0m[7m[38;2;80;117;193m▝[0m[38;2;79;114;187m▅[7m[38;2;80;117;192m▀[38;2;76;109;178m▀[38;2;78;110;154m▘[0m[38;2;104;150;184;48;2;123;182;223m▏[48;2;125;185;227m [38;2;84;118;144;48;2;124;184;226m▝[38;2;86;121;148;48;2;123;181;223m▔[38;2;124;184;226;48;2;125;185;227m▁[0m[7m[38;2;122;180;221m▂[38;2;117;173;212m▅[0m [38;2;72;97;119m    [0m
   [38;2;59;76;92m    [0m [38;2;105;152;186m▃[38;2;116;171;210;48;2;61;82;123m▆[38;2;124;184;226;48;2;75;107;157m▅[38;2;92;132;177;48;2;102;149;196m▕[0m[7m[38;2;79;112;160m▂[38;2;80;117;193m▅[0m[38;2;80;116;191m▀[7m[38;2;78;113;185m▃[38;2;80;117;193m▃[38;2;79;116;190m▂[38;2;84;120;161m▂[0m[38;2;114;167;205;48;2;124;184;226m▏[48;2;125;185;227m [38;2;107;155;190;48;2;124;183;225m▕[0m[7m[38;2;104;150;184m▆[0m [38;2;42;48;57m [0m [38;2;70;98;156m▃[0m [38;2;52;67;96m  [0m
[7m[38;2;98;141;173m▋[0m[38;2;113;166;203;48;2;123;182;224m▁[38;2;120;177;218;48;2;124;184;226m▔[38;2;86;120;147;48;2;125;185;227m▔[0m[7m[38;2;122;181;222m▔[0m[38;2;124;184;226m▆[38;2;120;176;216m▆[38;2;124;184;225;48;2;89;126;154m▆[48;2;125;185;227m [38;2;82;115;140;48;2;123;183;224m▂[0m[38;2;113;165;202m▀[38;2;82;114;140m▔       [38;2;121;178;219m▝[38;2;121;179;220;48;2;124;184;226m▏[48;2;125;185;227m [0m[7m[38;2;111;163;199m▝[0m [7m[38;2;76;109;177m▀[0m[38;2;80;117;192;48;2;62;84;129m▆[48;2;81;118;194m [0m[38;2;75;108;175m▋[0m [38;2;40;44;53m [0m
  [38;2;88;124;151m▔[38;2;111;162;199m▂[38;2;90;127;155;48;2;123;182;224m▘[48;2;125;185;227m [38;2;114;167;205;48;2;124;184;226m▁[38;2;69;96;142;48;2;115;169;208m▂[38;2;81;115;154;48;2;87;126;184m▝[0m[38;2;80;117;193m▖[0m [38;2;40;44;52m        [0m [38;2;124;184;226m▝[38;2;76;106;145;48;2;102;149;195m▖[38;2;84;118;152;48;2;77;110;177m▘[38;2;74;106;171;48;2;80;117;193m▔[48;2;81;118;194m [38;2;64;89;139;48;2;80;117;192m▗[0m[7m[38;2;75;108;175m▆[0m[38;2;62;84;128m▁[0m [38;2;43;49;64m [0m
  [7m[38;2;112;163;200m▍[0m[38;2;59;76;91;48;2;125;185;227m [38;2;90;127;156;48;2;124;184;226m▂[0m[38;2;116;170;209m▀[0m [7m[38;2;74;106;172m▖[0m[38;2;43;50;63;48;2;81;118;194m [38;2;79;115;188;48;2;80;117;193m▕[0m[38;2;79;114;187m▖       [0m [7m[38;2;74;106;171m▀[0m[38;2;80;116;191m▆[48;2;81;118;194m [0m[7m[38;2;79;115;189m▁[38;2;78;114;186m▂[38;2;80;117;193m▂[38;2;80;116;190m▁[0m[38;2;63;86;133;48;2;81;118;194m▁[38;2;79;114;187;48;2;80;117;193m▁[38;2;74;106;172;48;2;80;117;192m▔[0m[7m[38;2;66;91;143m▐[0m
 [38;2;0;0;0m [0m [7m[38;2;105;152;186m▅[0m [38;2;52;64;77m [0m [38;2;70;99;159m▂[38;2;72;102;164;48;2;80;117;192m▏[48;2;81;118;194m [38;2;75;108;176;48;2;80;117;193m▕[0m[38;2;79;112;156m▆[38;2;121;179;219m▆[38;2;124;184;225m▅[38;2;118;173;212m▅[7m[38;2;122;180;221m▀[0m[38;2;124;184;226m▃[38;2;117;171;210m▃[38;2;95;138;178;48;2;82;119;181m▖[38;2;89;127;164;48;2;80;117;193m▃[38;2;72;100;132;48;2;80;116;191m▃[0m[7m[38;2;72;102;165m▅[0m [38;2;47;57;77m   [0m  [38;2;60;82;125m▔ [0m
 [38;2;0;0;0m   [0m [38;2;77;111;181m▃[38;2;79;115;190m▆[38;2;80;117;193;48;2;81;118;194m▔[38;2;62;84;130;48;2;80;116;190m▁[38;2;61;82;126;48;2;80;117;193m▖[48;2;81;118;194m [38;2;71;100;159;48;2;80;116;191m▕[0m[7m[38;2;83;117;156m▗[0m[38;2;114;167;205m▀[38;2;123;182;223m▀[7m[38;2;120;177;217m▃[38;2;124;183;225m▖[0m[38;2;76;103;126;48;2;125;185;227m  [38;2;105;153;188;48;2;124;184;226m▁[38;2;108;158;193;48;2;125;185;227m▁[38;2;122;180;220;48;2;124;184;226m▔[38;2;92;131;160;48;2;125;185;227m▔[0m[7m[38;2;123;181;223m▔[38;2;93;132;161m▔[0m [38;2;68;91;110m    [0m
 [38;2;0;0;0m  [0m [38;2;65;90;140m▝[7m[38;2;80;116;191m▃[38;2;80;117;192m▃[38;2;74;106;172m▅[0m  [38;2;63;87;135;48;2;80;117;193m▖[48;2;81;118;194m [38;2;65;90;140;48;2;78;114;186m▕[0m[38;2;61;83;128m▖  [0m [38;2;84;118;144;48;2;124;184;226m▖[48;2;125;185;227m [38;2;95;136;167;48;2;121;179;219m▕[0m[38;2;89;125;153m▖[0m [38;2;120;176;216m▔[38;2;103;149;183m▔      [0m
     [38;2;42;49;62m     [0m [38;2;72;102;165m▔[7m[38;2;69;96;154m▆[38;2;62;84;130m▆[0m[38;2;40;44;53m   [38;2;94;133;163m▝[7m[38;2;123;182;224m▃[38;2;124;183;225m▃[0m[38;2;117;172;211m▘         [0m
[?25h