[?25l[0m [38;2;0;0;0m        [38;2;77;112;183m▗[38;2;80;117;193m▅[38;2;80;116;191m▅[38;2;64;88;138m▖   [38;2;86;121;148m▂[38;2;123;183;224m▁[38;2;104;151;185m▁[0m [38;2;56;71;86m          [0m
 [38;2;0;0;0m     [38;2;71;100;160m▁[38;2;77;112;184m▁[0m [38;2;65;90;141m▝[38;2;67;94;149;48;2;79;115;189m▏[48;2;81;118;194m [38;2;61;83;128;48;2;77;111;182m▕[0m [38;2;56;73;108m  [38;2;85;120;147m▝[38;2;94;134;163;48;2;124;184;226m▖[48;2;125;185;227m [38;2;90;127;156;48;2;119;176;215m▕[0m  [38;2;110;160;197m▃[38;2;123;183;224m▅[38;2;122;181;222m▅[38;2;93;132;161m▖    [0m
 [38;2;0;0;0m   [0m [7m[38;2;66;91;142m▁[38;2;80;116;191m▁[0m[38;2;66;91;143;48;2;81;118;194m▁[38;2;79;115;189;48;2;80;117;193m▁[38;2;72;102;164;48;2;81;118;194m▔[38;2;71;101;162;48;2;80;117;193m▔[48;2;81;118;194m  [0m[7m[38;2;80;117;192m▝[0m[38;2;78;113;186m▅[7m[38;2;80;116;191m▀[38;2;75;108;175m▀[38;2;78;109;152m▘[0m[38;2;104;151;185;48;2;123;182;223m▏[48;2;125;185;227m [38;2;84;117;143;48;2;124;184;226m▝[38;2;84;118;144;48;2;122;181;222m▔[38;2;124;184;226;48;2;125;185;227m▁[0m[7m[38;2;122;181;222m▂[0m[38;2;109;159;195m▀[0m [38;2;74;101;122m    [0m
   [38;2;59;76;92m    [0m [38;2;105;152;186m▃[38;2;122;181;222m▅[38;2;124;184;226;48;2;75;105;153m▅[38;2;91;130;175;48;2;101;148;194m▕[0m[7m[38;2;78;110;157m▂[38;2;80;117;193m▅[0m[38;2;79;116;190m▀[7m[38;2;77;112;183m▃[38;2;80;117;193m▃[38;2;79;114;188m▂[0m[38;2;114;167;205m▝[48;2;124;184;226m▏[48;2;125;185;227m [38;2;108;157;192;48;2;124;183;225m▕[0m[7m[38;2;105;153;187m▆[0m [38;2;42;48;57m [0m [38;2;72;102;164m▃[0m [38;2;52;67;96m  [0m
[7m[38;2;98;141;172m▋[0m[38;2;112;164;202;48;2;123;183;224m▁[38;2;120;177;218;48;2;124;184;226m▔[38;2;85;120;147;48;2;125;185;227m▔[0m[7m[38;2;122;181;222m▔[0m[38;2;124;184;226m▆[38;2;120;176;216m▆[7m[38;2;121;179;219m▔[0m[38;2;77;105;128;48;2;125;185;227m [0m[7m[38;2;123;183;224m▂[0m[38;2;112;164;201m▀[0m [38;2;81;112;137m       [38;2;121;179;219m▝[38;2;122;180;220;48;2;124;184;226m▏[48;2;125;185;227m [0m[7m[38;2;112;164;200m▝[0m [7m[38;2;77;111;181m▀[38;2;79;115;188m▔[0m[38;2;59;79;119;48;2;81;118;194m [0m[38;2;75;108;176m▋[0m [38;2;40;44;53m [0m
  [38;2;87;122;149m▔[38;2;112;163;200m▂[38;2;90;128;156;48;2;123;183;224m▘[48;2;125;185;227m [38;2;113;166;203;48;2;124;184;226m▁[38;2;70;97;144;48;2;115;169;208m▂[38;2;81;115;155;48;2;87;126;185m▝[0m[38;2;80;117;192m▖         [0m [38;2;124;184;226m▝[38;2;80;112;157;48;2;103;151;199m▖[38;2;97;140;172;48;2;78;112;176m▔[38;2;77;110;180;48;2;80;117;193m▔[48;2;81;118;194m [38;2;65;91;142;48;2;80;117;192m▗[0m[7m[38;2;75;107;174m▆[0m[38;2;66;92;144m▁[0m [38;2;45;53;70m [0m
  [7m[38;2;112;164;201m▍[0m[38;2;60;77;93;48;2;125;185;227m [38;2;89;125;153;48;2;124;184;225m▂[0m[38;2;115;170;208m▀[0m [7m[38;2;75;108;176m▖[0m[38;2;44;52;69;48;2;81;118;194m [38;2;78;114;186;48;2;80;117;193m▕[0m[38;2;78;113;185m▖       [38;2;61;83;127m▁[7m[38;2;75;108;176m▀[0m[38;2;80;117;192;48;2;61;83;128m▆[48;2;81;118;194m [0m[7m[38;2;79;115;188m▁[38;2;78;114;187m▂[38;2;80;117;193m▂[38;2;80;116;191m▁[0m[38;2;64;87;136;48;2;81;118;194m▁[38;2;79;115;189;48;2;80;117;193m▁[38;2;76;110;180;48;2;80;117;192m▔[0m[7m[38;2;66;92;144m▐[0m
 [38;2;0;0;0m [0m [7m[38;2;104;150;184m▅[0m [38;2;51;62;75m [0m [38;2;72;101;163m▂[38;2;74;106;171;48;2;80;117;193m▏[48;2;81;118;194m [48;2;80;117;193m▕[0m[38;2;76;107;148m▆[38;2;121;179;219m▆[38;2;124;184;226m▅[38;2;118;174;213m▅[7m[38;2;122;181;222m▀[0m[38;2;124;184;226m▃[38;2;117;172;211m▃[38;2;96;139;180;48;2;83;121;184m▖[38;2;90;129;167;48;2;80;117;193m▃[0m[7m[38;2;81;117;185m▗[38;2;72;102;163m▅[0m [38;2;46;55;74m   [0m  [38;2;60;81;125m▔ [0m
 [38;2;0;0;0m   [0m [7m[38;2;73;104;168m▀[0m[38;2;80;116;190m▆[38;2;80;117;193;48;2;81;118;194m▔[38;2;60;81;125;48;2;79;115;190m▁[38;2;62;85;130;48;2;80;117;193m▖[48;2;81;118;194m [38;2;69;97;154;48;2;79;116;190m▕[0m[7m[38;2;81;114;151m▗[0m[38;2;114;166;204m▀[38;2;123;182;223m▀[7m[38;2;120;177;217m▃[38;2;123;183;224m▖[0m[38;2;75;102;124;48;2;125;185;227m  [38;2;106;153;188;48;2;124;184;226m▁[38;2;107;156;191;48;2;125;185;227m▁[38;2;122;181;222;48;2;124;184;226m▔[38;2;94;134;163;48;2;125;185;227m▔[0m[7m[38;2;123;182;223m▔[38;2;94;133;163m▔[0m [38;2;70;94;114m    [0m
 [38;2;0;0;0m   [38;2;67;94;149m▝[7m[38;2;80;116;191m▃▃[38;2;73;104;168m▅[0m [38;2;61;83;128m▝[38;2;66;91;142;48;2;80;117;193m▖[48;2;81;118;194m [38;2;63;87;135;48;2;78;113;185m▕[0m [38;2;59;79;119m  [0m [38;2;82;114;139;48;2;124;183;225m▖[48;2;125;185;227m [38;2;98;140;172;48;2;122;180;221m▕[0m[38;2;92;131;160m▖[0m [38;2;119;175;215m▔[38;2;104;151;185m▔      [0m
 [38;2;0;0;0m         [0m [38;2;72;103;166m▔[7m[38;2;69;97;155m▆[38;2;61;82;126m▆[0m[38;2;40;44;53m   [38;2;91;130;159m▝[7m[38;2;123;182;224m▃[38;2;124;184;225m▃[0m[38;2;118;174;213m▘         [0m
[?25h