[?25l[0m [38;2;0;0;0m         [0m [38;2;103;149;183m▁[38;2;101;145;177m▂[38;2;121;179;220m▂[38;2;91;129;157m▂  [38;2;95;136;166m▗[38;2;124;183;225m▅▅[38;2;116;171;209m▖         [0m
 [38;2;0;0;0m   [38;2;68;96;152m▗[38;2;80;116;191m▅[38;2;80;117;192m▅[38;2;74;106;172m▃[0m [38;2;49;61;86m [0m [7m[38;2;99;143;175m▆[38;2;117;172;210m▃[0m[38;2;100;144;176;48;2;124;184;225m▁[38;2;122;181;222;48;2;125;185;227m▔[0m[38;2;119;175;215m▆[38;2;118;173;212m▃[38;2;89;126;154;48;2;119;175;215m▏[48;2;125;185;227m [38;2;94;134;163;48;2;120;177;218m▕[0m[38;2;88;124;151m▘  [0m [38;2;43;50;64m      [0m
 [38;2;0;0;0m   [0m [38;2;74;105;170m▀[7m[38;2;80;116;191m▂[0m[38;2;58;77;116;48;2;81;118;194m [38;2;62;84;129;48;2;80;116;190m▔[0m[7m[38;2;78;113;184m▀[0m[38;2;77;111;180m▂[38;2;80;117;192m▂[38;2;78;114;186m▃[38;2;80;117;193m▃[38;2;96;137;167;48;2;90;131;186m▘[38;2;82;116;151;48;2;122;181;222m▂[38;2;124;184;226;48;2;125;185;227m▏ [38;2;123;182;224m▕[0m[38;2;101;146;179m▍  [0m [7m[38;2;78;113;186m▘[0m[38;2;78;113;185m▆[38;2;72;102;163m▃[0m [38;2;40;44;53m   [0m
 [38;2;0;0;0m [0m [38;2;79;115;189m▅[38;2;80;116;190m▆[38;2;80;117;193m▆[7m▔[0m[38;2;80;117;193;48;2;81;118;194m▔▁[38;2;71;101;163m▁[0m[7m[38;2;80;117;193m▁[38;2;81;118;194m▂[38;2;80;116;191m▂[38;2;80;117;193m▃[38;2;78;113;185m▃[0m[38;2;76;109;177m▀[7m[38;2;97;140;176m▅[38;2;119;175;215m▃[0m[38;2;108;157;192;48;2;124;184;226m▁[38;2;119;175;215;48;2;125;185;227m▔[0m[38;2;122;181;222m▅[38;2;108;157;192m▖[7m[38;2;76;109;176m▘[0m[38;2;43;51;65;48;2;81;118;194m [38;2;78;113;185;48;2;80;117;193m▕[0m[38;2;78;113;185m▘ [0m  [38;2;59;78;119m [0m
 [38;2;0;0;0m [38;2;77;111;182m▝[38;2;76;110;179m▀[7m[38;2;78;114;187m▅[38;2;80;117;192m▆[38;2;74;106;171m▆[38;2;107;157;196m▘[0m[38;2;125;185;227;48;2;76;105;139m▆[0m[7m[38;2;124;183;225m▔[0m[38;2;115;169;207m▘       [0m [38;2;112;165;202m▀[7m[38;2;120;178;218m▂[0m[38;2;65;90;139;48;2;77;110;162m▖[48;2;81;118;194m  [38;2;75;107;173;48;2;80;116;192m▕[0m[7m[38;2;79;116;190m▔[0m[38;2;61;82;126;48;2;81;118;194m▔[38;2;78;113;185;48;2;80;117;193m▔[38;2;76;109;178;48;2;80;117;192m▁[0m[7m[38;2;66;91;143m▐[0m
  [38;2;88;124;152m▁[38;2;122;180;221m▁[38;2;115;168;206m▂[38;2;124;184;226m▂[7m[38;2;109;158;194m▘[0m[38;2;124;184;226;48;2;125;185;227m▔▁[0m[7m[38;2;97;139;170m▗[0m [38;2;40;45;53m         [38;2;80;117;192m▗[38;2;80;117;193;48;2;81;118;194m▔▁[0m[7m[38;2;74;105;171m▗[38;2;80;117;193m▆[38;2;76;110;179m▆[0m[38;2;79;116;190m▔[38;2;64;88;137m▔[0m [38;2;44;52;68m [0m
[7m[38;2;98;141;172m▋[0m[38;2;114;167;205;48;2;123;183;224m▔[38;2;120;177;217;48;2;124;184;226m▁[38;2;86;121;148;48;2;125;185;227m▁[0m[7m[38;2;123;181;223m▁[0m[38;2;110;161;197;48;2;123;182;224m▁[48;2;125;185;227m  [38;2;64;87;131;48;2;108;157;193m▗[0m[38;2;78;114;187m▆[7m[38;2;75;107;173m▀[0m [38;2;60;80;122m       [38;2;75;108;176m▗[7m[38;2;80;117;192m▁[0m[38;2;68;94;131;48;2;81;118;194m▂[0m[7m[38;2;77;111;174m▗[0m[38;2;107;156;191m▂[38;2;123;182;223m▂[38;2;119;175;214m▃[38;2;124;184;226m▃[38;2;114;167;205m▖  [0m
   [38;2;59;76;91m [38;2;118;173;212m▗[48;2;124;184;226m▏[48;2;125;185;227m [0m[7m[38;2;117;171;210m▗[0m[38;2;72;103;166m▝[7m[38;2;79;116;190m▃[0m[38;2;78;112;184;48;2;81;118;194m▁[38;2;72;103;166;48;2;80;117;193m▔[0m[38;2;78;113;184m▅[38;2;73;103;157m▃[7m[38;2;112;164;201m▀[0m[38;2;118;173;212m▅[38;2;124;184;225m▅[38;2;122;180;221m▆[38;2;124;184;226m▆[7m[38;2;124;183;225m▔[0m[38;2;99;142;174;48;2;125;185;227m▔[38;2;124;183;225m▔[38;2;123;182;224m▁[0m[7m[38;2;124;184;225m▁[38;2;124;184;226m▂[38;2;122;181;222m▂[38;2;120;178;218m▃[0m [38;2;66;88;106m  [0m
 [38;2;0;0;0m  [0m [7m[38;2;104;150;184m▅[38;2;118;174;214m▂[38;2;121;179;219m▗[0m [38;2;61;80;97m  [7m[38;2;69;97;155m▋[0m[38;2;80;116;191;48;2;81;118;194m▏ [38;2;80;117;193m▔[38;2;79;116;190;48;2;72;100;142m▆[38;2;67;92;145;48;2;96;140;189m▗[0m[7m[38;2;124;184;226m▅[38;2;119;175;215m▅[38;2;123;183;224m▆[38;2;115;168;207m▆[0m[38;2;118;174;214m▀[38;2;84;117;142;48;2;122;181;222m▁[38;2;124;184;226;48;2;125;185;227m▔[0m[38;2;122;181;222m▆[7m[38;2;108;158;193m▀[0m [38;2;72;98;120m    [0m
 [38;2;0;0;0m     [0m [38;2;47;57;68m  [38;2;63;86;132m▗[38;2;66;91;143;48;2;78;114;186m▏[48;2;81;118;194m [38;2;63;87;135;48;2;78;113;184m▕[0m[7m[38;2;77;111;182m▅[38;2;78;113;184m▂[0m[38;2;79;115;190;48;2;81;118;194m▁[38;2;69;96;152;48;2;80;117;193m▔[0m[38;2;77;111;181m▅[38;2;68;95;151m▂[0m [38;2;40;44;53m [0m [7m[38;2;110;161;197m▅[38;2;123;183;224m▃[38;2;122;181;222m▃[0m[38;2;94;134;164m▘    [0m
 [38;2;0;0;0m        [38;2;76;110;180m▝[7m[38;2;80;117;192m▃▃[0m[38;2;67;93;147m▘  [7m[38;2;64;88;137m▆[38;2;79;115;188m▆[38;2;69;97;154m▆[0m[38;2;70;99;159m▔[0m [38;2;41;46;57m          [0m
[?25h