[?25l[0m [38;2;0;0;0m     [0m  [38;2;45;53;64m    [38;2;63;85;132m▂[38;2;78;113;185m▂[38;2;80;117;192m▂[38;2;76;109;178m▂[0m [38;2;43;49;63m [0m [7m[38;2;73;103;166m▀[38;2;80;117;192m▀[0m[38;2;70;99;159m▃[0m [38;2;42;47;59m       [0m
 [38;2;0;0;0m    [0m [38;2;89;126;155;48;2;122;180;221m▔[38;2;111;162;198;48;2;125;185;227m▔[0m[38;2;120;176;216m▅[38;2;92;131;161m▖  [0m [38;2;75;108;175m▀[38;2;65;90;141;48;2;80;116;191m▁[48;2;81;118;194m [0m[7m[38;2;79;115;188m▝[0m[38;2;73;105;169m▃[7m[38;2;76;110;180m▘[0m[38;2;45;54;71;48;2;81;118;194m [38;2;78;112;184;48;2;80;117;193m▁[0m[38;2;80;117;192m▘[0m [38;2;41;47;58m       [0m
 [38;2;0;0;0m  [0m [38;2;103;148;182m▁[38;2;120;177;218m▁[38;2;125;185;227m▁[7m[38;2;120;176;216m▖[0m[38;2;80;110;135;48;2;125;185;227m [38;2;120;177;217;48;2;124;184;226m▔[0m[38;2;119;175;215m▅[38;2;121;179;219m▃[38;2;124;184;226m▃[7m[38;2;116;170;208m▀[38;2;120;178;218m▀[0m[38;2;81;114;153;48;2;87;127;184m▗[38;2;70;97;151;48;2;80;116;191m▁[48;2;81;118;194m  [38;2;75;107;173;48;2;80;117;193m▕[0m[38;2;76;109;178m▘  [0m [38;2;108;158;193m▅[38;2;102;147;180m▃[0m [38;2;44;50;60m   [0m
 [38;2;0;0;0m [0m [7m[38;2;117;172;211m▘[0m[38;2;106;154;188;48;2;125;185;227m▁[38;2;83;115;141m▁[0m[7m[38;2;124;184;226m▁[38;2;123;182;223m▁[0m[38;2;73;100;132;48;2;125;185;227m▂[38;2;66;90;128;48;2;124;184;226m▂[38;2;64;88;132;48;2;123;182;224m▂[0m[7m[38;2;120;176;216m▂[38;2;124;184;226m▃[38;2;124;183;225m▃[38;2;120;177;217m▃[0m[38;2;124;184;226m▀[38;2;95;136;174m▀[38;2;76;110;178m▀[38;2;67;93;147;48;2;80;116;191m▁[48;2;81;118;194m [0m[7m[38;2;79;114;187m▝[0m[38;2;69;97;155m▃[0m [7m[38;2;119;176;216m▘[0m[38;2;57;73;89;48;2;125;185;227m [38;2;108;158;193;48;2;124;183;225m▁[0m[38;2;108;158;193m▘   [0m
 [38;2;0;0;0m [0m   [38;2;42;48;58m [0m [7m[38;2;74;106;172m▘[0m[38;2;80;117;193;48;2;81;118;194m▔[38;2;78;113;185;48;2;80;117;193m▁[0m[38;2;71;101;162m▀[0m [38;2;41;47;59m      [0m [38;2;76;110;179m▀[38;2;67;94;148;48;2;80;117;192m▁[38;2;68;95;144;48;2;83;119;175m▖[38;2;86;121;151;48;2;124;184;226m▘[48;2;125;185;227m [38;2;124;184;226m▕[0m[7m[38;2;113;165;202m▝[38;2;122;180;221m▀[38;2;124;184;226m▀▀[0m[38;2;98;141;173m▃[0m
[38;2;73;105;169m▗[7m[38;2;80;116;191m▀[38;2;80;117;193m▀[0m[38;2;78;113;185m▅[38;2;79;116;190m▅[38;2;80;117;193m▅[7m[38;2;79;116;190m▘[0m[38;2;58;77;115;48;2;81;118;194m [38;2;71;100;159;48;2;80;116;191m▁[0m[38;2;77;111;181m▘          [38;2;117;171;210m▗[38;2;103;149;183;48;2;123;182;223m▔[48;2;125;185;227m [0m[7m[38;2;122;181;222m▗[38;2;124;184;226m▃[38;2;123;181;222m▃[38;2;119;176;216m▃[0m[38;2;124;184;226m▀[38;2;123;182;224m▀[38;2;110;160;197m▘[0m
[7m[38;2;68;95;150m▅[0m[38;2;80;117;193m▀▀[38;2;79;115;189m▀[7m[38;2;75;107;174m▖[0m[38;2;80;117;193;48;2;81;118;194m▏ [38;2;65;90;135;48;2;80;117;193m▗[38;2;70;98;149;48;2;99;143;181m▔[38;2;93;132;162;48;2;123;182;223m▔[0m[7m[38;2;114;167;204m▀[0m [38;2;72;97;118m      [0m [38;2;124;183;225m▗[38;2;119;176;215;48;2;124;184;226m▔[38;2;124;184;225;48;2;125;185;227m▁[0m[7m[38;2;112;164;201m▗[0m [38;2;59;77;93m [0m   [38;2;44;52;68m  [0m
 [38;2;0;0;0m  [38;2;73;103;167m▗[38;2;73;103;166;48;2;80;117;192m▔[48;2;81;118;194m [0m[7m[38;2;78;113;185m▗[0m [7m[38;2;100;144;176m▅[38;2;120;177;217m▖[0m[38;2;70;95;115;48;2;125;185;227m [38;2;93;132;161;48;2;123;182;223m▔[0m[7m[38;2;113;166;203m▀[38;2;74;104;156m▀[38;2;80;117;193m▀[0m[38;2;77;112;183m▅[38;2;80;116;191m▅[38;2;80;117;193m▅[38;2;81;118;194m▅[38;2;79;116;190;48;2;84;117;143m▆[0m[38;2;80;117;193m▆[38;2;81;118;194m▆[7m[38;2;79;115;189m▔[38;2;80;117;193m▔[38;2;81;118;194m▔[0m[38;2;68;95;151;48;2;81;118;194m▔[0m[7m[38;2;77;112;183m▗[0m [38;2;53;68;98m  [0m
 [38;2;0;0;0m  [0m [7m[38;2;69;98;156m▅[38;2;72;103;166m▃[0m [38;2;46;56;76m  [38;2;113;166;204m▗[38;2;110;160;197;48;2;124;183;225m▏[48;2;125;185;227m  [38;2;93;133;164;48;2;122;181;222m▔[38;2;74;104;145;48;2;100;145;192m▘[0m[38;2;79;115;189m▀[38;2;77;111;181m▀[7m[38;2;80;117;193m▅[38;2;79;116;190m▅[38;2;78;113;184m▃[0m[38;2;78;114;186;48;2;80;117;193m▁[48;2;81;118;194m [0m[7m[38;2;78;113;185m▝[0m[38;2;81;118;194m▔[38;2;79;115;189m▔[38;2;73;104;168m▔[0m [38;2;44;53;69m   [0m
 [38;2;0;0;0m      [0m [38;2;123;182;224m▗[38;2;117;172;211;48;2;124;184;226m▔[48;2;125;185;227m [0m[7m[38;2;114;168;206m▗[38;2;108;157;193m▅[38;2;121;179;219m▖[0m[38;2;74;100;122;48;2;125;185;227m [38;2;90;127;155;48;2;122;181;222m▔[0m[7m[38;2;111;163;199m▀[0m [38;2;67;89;108m  [38;2;65;90;142m▝[7m[38;2;78;113;186m▃[0m[38;2;76;110;179;48;2;81;118;194m▁[38;2;67;93;146;48;2;79;115;189m▁[0m[38;2;60;81;125m▎     [0m
 [38;2;0;0;0m      [0m [7m[38;2;102;148;181m▅[0m[38;2;122;181;222m▀[38;2;105;152;186m▀[0m [38;2;45;53;63m [0m [7m[38;2;114;168;205m▆[38;2;123;181;223m▆[38;2;116;171;210m▆[0m [38;2;40;44;52m    [0m  [38;2;40;44;52m      [0m
[?25h