[?25l[0m [38;2;0;0;0m      [0m [38;2;71;101;163m▃[7m[38;2;80;116;191m▀[38;2;72;103;165m▀[0m [38;2;43;50;64m  [0m [38;2;113;165;202m▂[38;2;118;174;213m▂[38;2;109;158;194m▂[0m [38;2;72;97;117m   [0m     [38;2;41;47;55m   [0m
 [38;2;0;0;0m      [0m [38;2;80;117;192m▝[38;2;78;113;185;48;2;80;117;193m▁[48;2;81;118;194m [0m[7m[38;2;76;110;179m▝[0m [38;2;51;64;92m  [38;2;105;152;186m▝[38;2;93;132;161;48;2;124;184;226m▖[48;2;125;185;227m [38;2;83;116;141;48;2;124;184;226m▝[0m[38;2;96;137;168m▖[38;2;95;135;166m▗[38;2;120;177;217m▅[38;2;114;167;206;48;2;124;184;226m▔[38;2;105;152;186;48;2;121;178;219m▕[0m [38;2;81;113;138m     [0m
 [38;2;0;0;0m  [0m [38;2;70;99;158m▃[38;2;79;115;188m▆[7m[38;2;79;114;188m▔[0m[38;2;80;117;193m▆[38;2;80;117;192m▆[38;2;70;99;158;48;2;78;114;187m▏[48;2;81;118;194m  [0m[7m[38;2;80;116;191m▝[0m[38;2;77;111;182m▅[7m[38;2;80;117;193m▀[38;2;79;115;188m▀[38;2;76;108;161m▘[0m[38;2;73;101;134;48;2;122;180;221m▖[48;2;125;185;227m [38;2;107;155;190;48;2;124;184;226m▔[38;2;121;179;220m▔[38;2;112;163;200m▁[0m[7m[38;2;115;168;206m▃[0m [38;2;80;111;135m      [0m
 [38;2;0;0;0m  [0m [7m[38;2;69;97;154m▆[38;2;75;108;175m▆[38;2;79;114;188m▆[38;2;80;117;193m▆[38;2;82;116;164m▖[0m[38;2;74;105;164;48;2;107;157;204m▘[38;2;96;141;193;48;2;97;142;194m▕[38;2;77;108;155;48;2;92;134;186m▕[0m[38;2;79;115;188m▀[38;2;80;117;192m▀[38;2;80;117;193m▀[7m[38;2;79;115;188m▃[38;2;80;117;192m▃[38;2;75;107;166m▃[38;2;112;164;201m▖[0m[38;2;49;61;77;48;2;125;185;227m  [0m[7m[38;2;105;152;186m▝[0m [38;2;43;50;59m [0m [7m[38;2;76;109;178m▀[38;2;75;108;175m▝[0m [38;2;51;64;91m  [0m
[38;2;107;156;191m▗[7m[38;2;124;184;226m▀[38;2;124;184;225m▀[38;2;121;178;219m▀[38;2;114;167;205m▀[0m[38;2;124;183;225m▃[38;2;122;181;222m▃[7m[38;2;120;176;216m▘[0m[38;2;124;184;226;48;2;125;185;227m▔[38;2;96;137;167;48;2;123;182;224m▁[0m[38;2;114;168;206m▀[0m [38;2;73;99;120m      [0m [38;2;106;153;188m▀[38;2;119;176;215;48;2;124;184;226m▁[38;2;124;183;225m▕[0m[38;2;109;159;195m▍[7m[38;2;75;108;176m▀[0m[38;2;66;92;144;48;2;80;116;191m▔[38;2;80;117;193;48;2;81;118;194m▁[0m[7m[38;2;78;113;185m▗[0m[38;2;72;102;165m▘  [0m
[38;2;111;162;199m▝[38;2;124;183;225m▀[38;2;125;185;227m▀[7m[38;2;120;177;218m▃[0m[38;2;86;121;148;48;2;123;183;224m▖[48;2;125;185;227m  [38;2;98;141;173;48;2;123;183;224m▁[38;2;76;107;145;48;2;101;147;193m▖[0m[38;2;77;110;180m▖          [38;2;116;171;210m▝[38;2;74;103;139;48;2;86;124;180m▝[38;2;67;93;145;48;2;80;116;191m▔[48;2;81;118;194m  [38;2;63;87;134;48;2;80;117;192m▝[0m[38;2;78;113;186m▅[7m[38;2;81;118;194m▀[38;2;80;117;192m▀[0m[38;2;75;107;174m▖[0m
 [38;2;0;0;0m [38;2;104;151;185m▗[38;2;119;175;214m▆[38;2;124;184;226;48;2;125;185;227m▔[38;2;99;142;174;48;2;124;183;224m▁[0m[38;2;116;170;209m▀[7m[38;2;72;100;151m▖[0m[38;2;80;117;192;48;2;80;117;193m▏[38;2;78;113;185m▔[0m[7m[38;2;71;101;162m▀[0m [38;2;42;47;59m      [0m [7m[38;2;75;107;174m▀[0m[38;2;65;89;139;48;2;80;116;190m▔[38;2;80;117;193;48;2;81;118;194m▁[0m[7m[38;2;78;114;187m▗[38;2;80;116;191m▅[38;2;80;117;193m▅[0m[38;2;76;109;177m▀[38;2;79;115;188m▀[38;2;80;117;193m▀▀[38;2;73;105;169m▘[0m
 [38;2;0;0;0m [0m [7m[38;2;113;165;203m▖[0m[38;2;116;171;210m▀[0m [38;2;77;106;130m [0m [7m[38;2;71;100;161m▖[0m[38;2;42;49;62;48;2;81;118;194m  [0m[7m[38;2;75;107;173m▝[0m[38;2;102;148;184m▅[38;2;123;182;224m▅[38;2;119;176;216m▅[7m[38;2;124;184;226m▀[38;2;123;182;224m▀[38;2;120;176;217m▀[0m[38;2;64;87;136;48;2;101;148;196m▘[38;2;94;136;190;48;2;93;135;189m▏[38;2;92;134;189;48;2;91;132;188m▏[38;2;112;164;201;48;2;60;81;124m▃[0m[38;2;123;183;224m▂[38;2;119;175;215m▂[38;2;110;160;196m▂[38;2;123;182;224m▁[0m [38;2;56;71;85m   [0m
 [38;2;0;0;0m     [0m [38;2;76;109;177m▅[38;2;74;106;172;48;2;80;117;193m▔[38;2;79;115;188m▁[38;2;72;102;164m▁[48;2;81;118;194m [0m[7m[38;2;79;115;189m▝[38;2;122;181;222m▅[0m[38;2;121;178;219m▀[38;2;124;183;225m▀[7m[38;2;116;171;210m▃[38;2;123;182;223m▖[0m[38;2;71;96;116;48;2;125;185;227m  [38;2;102;147;180;48;2;119;176;216m▕[0m[7m[38;2;123;183;224m▂[38;2;124;184;226m▂[38;2;121;178;218m▁[38;2;120;178;218m▂[38;2;100;144;176m▅[0m [38;2;43;49;58m   [0m
 [38;2;0;0;0m    [0m [38;2;71;100;161;48;2;79;114;187m▏[38;2;75;109;177;48;2;81;118;194m▁[0m[7m[38;2;78;114;186m▃[0m[38;2;66;92;144m▘[38;2;66;92;146m▝[38;2;60;81;124;48;2;80;117;193m▖[48;2;81;118;194m [38;2;64;88;138;48;2;78;114;186m▔[0m[38;2;71;100;161m▖  [0m [7m[38;2;114;168;206m▖[0m[38;2;48;58;70;48;2;125;185;227m [38;2;117;172;212;48;2;124;184;226m▔[0m[38;2;123;182;224m▖[0m [38;2;42;47;56m       [0m
 [38;2;0;0;0m  [0m     [38;2;43;49;63m   [0m [7m[38;2;73;104;167m▆[38;2;77;112;183m▆[38;2;75;107;174m▆[0m [38;2;41;46;57m  [0m [38;2;106;153;188m▀[38;2;122;181;222m▀[7m[38;2;103;149;182m▅[0m [38;2;43;50;59m       [0m
[?25h