[?25l[0m [38;2;0;0;0m        [38;2;117;172;211m▗[38;2;124;184;225m▅[38;2;123;182;223m▅[38;2;94;134;163m▖   [38;2;64;87;136m▂[38;2;70;99;159m▂[38;2;74;105;171m▁[0m [38;2;50;63;90m          [0m
 [38;2;0;0;0m     [38;2;103;148;182m▁[38;2;118;174;214m▁[0m [38;2;90;127;155m▝[38;2;98;141;173;48;2;124;184;226m▖[48;2;125;185;227m [38;2;87;122;149;48;2;118;174;213m▕[0m [38;2;75;103;125m  [38;2;64;87;135m▝[38;2;67;94;148;48;2;80;117;193m▖[48;2;81;118;194m [38;2;65;89;140;48;2;78;113;186m▕[0m[38;2;60;82;125m▖[0m [38;2;74;107;173m▃[38;2;80;117;192m▅▅[38;2;67;93;146m▖    [0m
 [38;2;0;0;0m   [0m [7m[38;2;93;132;162m▁[38;2;123;182;223m▁[0m[38;2;95;135;166;48;2;125;185;227m▁[38;2;122;181;222;48;2;124;184;226m▁[38;2;106;154;189;48;2;125;185;227m▔[38;2;104;151;185;48;2;124;184;226m▔[48;2;125;185;227m  [0m[7m[38;2;124;183;225m▝[0m[38;2;120;177;217m▅[7m[38;2;123;182;223m▀[38;2;114;167;205m▀[38;2;84;119;160m▘[0m[38;2;72;102;163;48;2;80;116;191m▏[48;2;81;118;194m [38;2;62;85;131;48;2;80;117;193m▝[38;2;62;85;132;48;2;80;116;191m▔[38;2;80;117;193;48;2;81;118;194m▁[0m[7m[38;2;80;116;191m▂[0m[38;2;73;105;170m▀[0m [38;2;57;75;113m    [0m
   [38;2;48;59;82m    [0m [38;2;71;100;160m▃[7m[38;2;81;117;184m▘[0m[38;2;85;122;169;48;2;83;121;186m▘[38;2;72;103;165;48;2;88;127;183m▁[0m[7m[38;2;117;173;212m▅[38;2;124;184;226m▅[0m[38;2;122;181;222m▀[7m[38;2;118;174;213m▃[38;2;124;184;226m▃[38;2;121;179;220m▂[38;2;80;113;159m▂[0m[38;2;76;110;179;48;2;80;117;193m▏[48;2;81;118;194m [38;2;74;106;171;48;2;80;117;193m▕[0m[7m[38;2;72;102;165m▆[0m [38;2;41;47;57m [0m [38;2;105;152;186m▃[0m [38;2;66;87;105m  [0m
[7m[38;2;68;96;152m▋[0m[38;2;76;110;180;48;2;80;116;192m▁[38;2;77;112;183;48;2;80;117;193m▔[38;2;60;82;125m▔[0m[7m[38;2;79;115;189m▔[0m[38;2;80;117;193m▆[38;2;78;113;185m▆[38;2;80;117;193;48;2;63;87;135m▆[48;2;81;118;194m [38;2;60;81;123;48;2;80;117;192m▂[0m[38;2;75;107;173m▀[38;2;60;80;122m▔       [38;2;79;115;189m▝[38;2;79;116;190;48;2;80;117;193m▏[48;2;81;118;194m [0m[7m[38;2;75;108;175m▝[0m [7m[38;2;116;170;209m▀[0m[38;2;124;184;225;48;2;89;126;154m▆[48;2;125;185;227m [0m[38;2;112;164;202m▋[0m [38;2;40;44;53m [0m
  [38;2;65;90;141m▔[38;2;74;106;171m▂[38;2;64;88;138;48;2;80;116;192m▘[48;2;81;118;194m [38;2;75;108;175;48;2;80;117;193m▁[38;2;81;114;151;48;2;79;114;188m▃[38;2;79;111;153;48;2;103;151;197m▝[0m[38;2;124;184;225m▖[0m [38;2;40;44;52m        [0m [7m[38;2;67;94;147m▖[0m[38;2;83;117;158;48;2;87;126;186m▖[38;2;121;179;219;48;2;76;106;149m▅[38;2;114;166;204;48;2;124;184;226m▔[48;2;125;185;227m [38;2;91;129;158;48;2;123;183;224m▗[0m[7m[38;2;111;162;199m▆[0m[38;2;93;132;161m▁[0m [38;2;49;59;71m [0m
  [7m[38;2;74;107;173m▍[0m[38;2;49;61;86;48;2;81;118;194m [38;2;63;87;135;48;2;80;117;193m▂[0m[38;2;76;110;179m▀[0m [7m[38;2;112;163;201m▖[0m[38;2;47;55;67;48;2;125;185;227m [38;2;121;178;219;48;2;124;184;226m▕[0m[38;2;120;178;218m▖       [0m [7m[38;2;112;164;202m▀[0m[38;2;123;183;224;48;2;82;114;139m▆[48;2;125;185;227m [38;2;89;126;154;48;2;124;184;226m▂[0m[7m[38;2;119;175;215m▂[38;2;124;184;225m▂[38;2;122;180;221m▁[0m[38;2;83;116;141;48;2;124;184;226m▁[38;2;118;174;214m▁[38;2;115;168;207;48;2;123;183;224m▔[0m[38;2;99;143;175m▍[0m
 [38;2;0;0;0m [0m [7m[38;2;71;100;160m▅[0m [38;2;45;54;72m [0m [38;2;105;153;187m▂[38;2;108;157;193;48;2;124;183;225m▏[48;2;125;185;227m [38;2;113;165;203;48;2;124;184;226m▕[0m[38;2;83;118;159m▆[38;2;79;114;187m▆[38;2;80;117;192m▅[38;2;77;110;180m▅[7m[38;2;79;115;188m▀[0m[38;2;80;117;193m▃[38;2;77;108;154m▆[38;2;90;129;172;48;2;100;146;191m▏[38;2;69;97;154;48;2;117;172;211m▂[0m[7m[38;2;122;181;222m▃[38;2;105;152;186m▅[0m [38;2;51;62;75m    [0m  [38;2;76;105;127m [0m
 [38;2;0;0;0m   [0m [7m[38;2;109;158;194m▀[0m[38;2;122;181;222m▆[38;2;124;184;226;48;2;125;185;227m▔[38;2;84;117;143;48;2;122;181;222m▁[38;2;85;118;144;48;2;124;184;226m▖[48;2;125;185;227m [38;2;103;149;182;48;2;123;181;223m▕[0m[7m[38;2;78;110;154m▗[0m[38;2;76;110;179m▀[38;2;80;116;192m▀[7m[38;2;79;114;187m▃[38;2;80;117;192m▖[0m[38;2;58;77;116;48;2;81;118;194m  [38;2;72;103;165m▁[38;2;73;105;170m▁[38;2;78;114;187;48;2;80;117;193m▔[38;2;62;85;131m▔[0m[7m[38;2;79;116;190m▔[0m[38;2;67;94;148m▆[0m [38;2;53;68;99m    [0m
 [38;2;0;0;0m   [38;2;93;133;162m▝[7m[38;2;122;181;222m▃[38;2;123;183;224m▃[38;2;110;160;196m▅[0m  [38;2;91;128;157;48;2;124;184;226m▖[48;2;125;185;227m [38;2;92;130;159;48;2;120;177;217m▕[0m[38;2;84;117;143m▖  [0m [38;2;62;84;129;48;2;80;117;193m▖[48;2;81;118;194m [38;2;66;92;144;48;2;79;114;187m▕[0m[38;2;63;86;133m▖[38;2;63;85;132m▔[38;2;78;114;187m▔[7m[38;2;62;84;130m▆[0m[38;2;40;44;52m      [0m
 [38;2;0;0;0m         [0m [38;2;104;151;185m▔[38;2;123;182;223m▔[7m[38;2;85;119;145m▆[0m[38;2;40;45;53m   [38;2;66;92;145m▝[7m[38;2;80;117;192m▃[38;2;77;112;183m▂[0m[38;2;77;112;183m▘         [0m
[?25h