[?25l[0m [38;2;0;0;0m        [38;2;117;172;211m▗[38;2;124;183;225m▅[38;2;123;182;224m▅[38;2;94;133;163m▖   [38;2;62;84;130m▂[38;2;69;96;154m▂[38;2;72;102;164m▁[0m [38;2;49;60;83m     [0m    [38;2;40;44;52m [0m
 [38;2;0;0;0m     [38;2;103;149;183m▁[38;2;119;176;216m▁[0m [38;2;89;125;153m▝[38;2;97;139;171;48;2;124;184;226m▖[48;2;125;185;227m [38;2;87;122;149;48;2;118;174;214m▕[0m [38;2;75;103;125m  [38;2;61;83;128m▝[38;2;65;90;141;48;2;80;117;193m▖[48;2;81;118;194m [38;2;64;87;136;48;2;78;113;185m▕[0m  [38;2;74;106;172m▃[38;2;80;117;192m▅[38;2;80;116;191m▅[38;2;65;90;140m▖[0m [38;2;43;50;64m   [0m
 [38;2;0;0;0m   [0m [7m[38;2;93;132;161m▁[38;2;123;181;223m▁[0m[38;2;92;131;160;48;2;125;185;227m▁[38;2;122;180;220;48;2;124;184;226m▁[38;2;108;158;193;48;2;125;185;227m▔[38;2;105;153;187;48;2;124;184;226m▔[48;2;125;185;227m  [0m[7m[38;2;124;183;225m▝[0m[38;2;120;177;217m▅[7m[38;2;123;182;223m▀[38;2;114;167;205m▀[0m[38;2;104;150;184m▃[38;2;71;100;159;48;2;80;116;191m▏[48;2;81;118;194m [38;2;61;82;126;48;2;80;117;193m▝[38;2;62;84;130;48;2;80;116;190m▔[38;2;80;117;193;48;2;81;118;194m▁[0m[7m[38;2;79;115;190m▂[38;2;77;111;182m▅[0m [38;2;55;72;106m    [0m
 [38;2;60;82;125m▁[0m  [38;2;40;44;52m   [0m [38;2;72;102;165m▃[38;2;80;116;191;48;2;73;100;132m▅[38;2;80;117;193;48;2;89;127;164m▅[38;2;70;100;160;48;2;88;127;183m▁[0m[7m[38;2;117;171;210m▅[38;2;124;184;226m▅[0m[38;2;122;180;221m▀[7m[38;2;118;173;212m▃[38;2;124;184;225m▃[38;2;121;179;219m▂[38;2;79;112;156m▂[0m[38;2;75;108;176;48;2;80;117;193m▏[48;2;81;118;194m [38;2;72;102;164;48;2;80;117;192m▕[0m[7m[38;2;70;99;159m▆[0m [38;2;41;46;56m [0m [38;2;105;152;186m▃[0m [38;2;64;84;102m  [0m
[38;2;66;91;143m▐[38;2;74;106;173;48;2;80;117;192m▁[38;2;79;114;187;48;2;80;117;193m▔[38;2;63;86;133;48;2;81;118;194m▔[0m[7m[38;2;80;116;190m▔[0m[38;2;80;117;193m▆[38;2;78;114;186m▆[7m[38;2;79;115;189m▔[0m[38;2;59;78;119;48;2;81;118;194m [0m[7m[38;2;80;116;191m▂[0m[38;2;74;106;171m▀[0m [38;2;58;77;116m       [38;2;79;114;187m▝[38;2;79;115;188;48;2;80;117;193m▏[48;2;81;118;194m [0m[7m[38;2;74;106;172m▝[0m [7m[38;2;116;170;209m▀[38;2;121;179;219m▔[0m[38;2;77;106;129;48;2;125;185;227m [0m[38;2;112;163;200m▋[0m [38;2;40;44;52m [0m
  [38;2;62;84;128m▔[38;2;75;108;175m▂[38;2;64;89;139;48;2;80;117;192m▘[48;2;81;118;194m [38;2;74;106;171;48;2;80;117;193m▁[38;2;78;110;144;48;2;78;114;186m▃[38;2;76;105;145;48;2;102;149;195m▝[0m[38;2;124;184;226m▖[0m [38;2;40;44;52m        [0m [38;2;80;117;193m▝[38;2;81;115;154;48;2;87;126;184m▖[38;2;121;179;220;48;2;75;104;145m▅[38;2;114;167;205;48;2;124;184;226m▔[48;2;125;185;227m [38;2;90;127;155;48;2;123;182;224m▗[0m[7m[38;2;111;162;199m▆[0m[38;2;88;124;151m▁[0m [38;2;47;57;68m [0m
  [7m[38;2;75;108;175m▍[0m[38;2;50;63;89;48;2;81;118;194m [38;2;62;84;129;48;2;80;117;192m▂[0m[38;2;76;109;177m▀[38;2;63;86;132m▔[7m[38;2;111;163;199m▖[0m[38;2;47;55;66;48;2;125;185;227m [38;2;121;179;220;48;2;124;184;226m▕[0m[38;2;121;178;219m▖       [38;2;82;114;140m▁[7m[38;2;113;165;202m▀[0m[38;2;123;183;224;48;2;82;115;140m▆[48;2;125;185;227m [38;2;89;126;154;48;2;124;184;225m▂[0m[7m[38;2;120;176;216m▂[38;2;124;184;226m▂[38;2;122;181;222m▁[0m[38;2;86;120;148;48;2;125;185;227m▁[38;2;120;177;218;48;2;124;184;226m▁[38;2;113;166;203;48;2;123;182;224m▔[0m[38;2;98;141;173m▍[0m
 [38;2;0;0;0m [0m [7m[38;2;70;98;156m▅[0m [38;2;44;51;67m [0m [38;2;104;150;184m▂[38;2;107;155;190;48;2;124;183;225m▏[48;2;125;185;227m [38;2;114;167;205;48;2;124;184;226m▕[0m[38;2;84;120;161m▆[38;2;79;116;190m▆[38;2;80;117;193m▅[38;2;78;113;185m▅[7m[38;2;80;116;191m▀[0m[38;2;80;117;193m▃[38;2;79;111;160m▆[38;2;92;132;177;48;2;102;149;196m▏[38;2;72;103;166;48;2;117;173;212m▂[0m[7m[38;2;116;171;210m▂[38;2;105;152;186m▅[0m [38;2;52;63;76m    [0m  [38;2;79;109;133m [0m
 [38;2;0;0;0m   [0m [38;2;117;173;212m▃[38;2;122;180;221m▆[38;2;124;184;226;48;2;125;185;227m▔[38;2;86;121;148;48;2;123;181;223m▁[38;2;84;118;144;48;2;124;184;226m▖[48;2;125;185;227m [38;2;104;150;184;48;2;123;182;223m▕[0m[7m[38;2;78;110;154m▗[0m[38;2;76;109;178m▀[38;2;80;117;192m▀[7m[38;2;79;114;187m▃[38;2;80;117;193m▖[0m[38;2;58;77;116;48;2;81;118;194m  [38;2;73;104;167m▁[38;2;74;105;171m▁[38;2;80;116;191;48;2;80;117;193m▔[38;2;68;96;152;48;2;81;118;194m▔[0m[7m[38;2;80;117;192m▔[38;2;67;93;146m▔[0m [38;2;56;73;107m    [0m
 [38;2;0;0;0m  [0m [38;2;92;131;161m▝[7m[38;2;123;182;223m▃[38;2;124;183;225m▃[38;2;111;163;199m▅[0m  [38;2;90;127;154;48;2;124;184;226m▖[48;2;125;185;227m [38;2;92;132;161;48;2;120;177;217m▕[0m[38;2;85;119;146m▖  [0m [38;2;62;85;132;48;2;80;117;193m▖[48;2;81;118;194m [38;2;68;95;151;48;2;79;115;189m▕[0m[38;2;66;91;143m▖[38;2;61;83;127m▔[38;2;79;114;188m▔[38;2;72;102;164m▔      [0m
     [38;2;46;53;64m     [0m [38;2;107;155;190m▔[7m[38;2;100;144;177m▆[38;2;87;122;149m▆[0m[38;2;40;45;53m   [38;2;67;93;147m▝[7m[38;2;80;117;192m▃[38;2;77;112;183m▂[0m[38;2;78;113;185m▘         [0m
[?25h