[?25l[0m [38;2;0;0;0m         [0m [38;2;72;103;166m▁[38;2;70;99;159m▂[38;2;79;116;190m▂[38;2;65;90;141m▂  [38;2;67;94;148m▗[38;2;80;117;193m▅[38;2;77;112;183m▆▖         [0m
 [38;2;0;0;0m   [38;2;94;134;164m▗[38;2;122;181;222m▅[38;2;123;183;224m▅[38;2;110;161;197m▃[0m [38;2;58;74;90m [0m [7m[38;2;70;98;156m▆[38;2;77;112;182m▃[0m[38;2;70;99;158;48;2;80;117;193m▁[38;2;80;116;191;48;2;81;118;194m▔[0m[38;2;78;113;185m▆[38;2;78;112;184m▃[38;2;64;88;137;48;2;78;113;185m▏[48;2;81;118;194m [38;2;67;94;148;48;2;79;115;188m▕[0m[38;2;65;90;141m▘  [0m [38;2;48;58;70m      [0m
 [38;2;0;0;0m   [0m [38;2;109;158;194m▀[7m[38;2;122;181;222m▂[0m[38;2;124;184;226;48;2;125;185;227m▏[38;2;84;117;143;48;2;122;181;222m▔[0m[7m[38;2;118;174;214m▀[0m[38;2;114;168;206m▂[38;2;123;182;224m▂[38;2;119;175;215m▃[38;2;124;184;226m▃[38;2;68;95;150;48;2;96;140;190m▘[38;2;73;101;146;48;2;80;116;191m▂[48;2;81;118;194m  [38;2;80;117;193m▕[0m[38;2;71;101;162m▍  [0m [7m[38;2;121;178;219m▘[0m[38;2;119;175;215m▆[38;2;105;152;186m▃[0m [38;2;40;44;52m   [0m
 [38;2;0;0;0m [0m [38;2;120;177;218m▅[38;2;122;180;221m▆[38;2;124;184;226m▆[7m[38;2;124;183;225m▔[0m[38;2;123;182;224;48;2;125;185;227m▔[38;2;124;184;226m▁[38;2;100;145;177m▁[0m[7m[38;2;124;184;225m▁[38;2;124;184;226m▂[38;2;122;180;222m▂[38;2;124;184;226m▃[38;2;118;174;213m▃[0m[38;2;112;164;202m▀[38;2;71;100;148m▀[7m[38;2;78;113;186m▃[0m[38;2;74;105;170;48;2;80;117;193m▁[38;2;78;114;186;48;2;81;118;194m▔[0m[38;2;77;111;182m▆[38;2;74;105;170m▖[7m[38;2;116;171;209m▘[0m[38;2;51;62;75;48;2;125;185;227m [38;2;118;174;213;48;2;124;184;226m▕[0m[38;2;118;173;213m▘ [0m  [38;2;81;113;137m [0m
 [38;2;0;0;0m [38;2;114;168;206m▝[38;2;114;167;205m▀[7m[38;2;119;176;216m▅[38;2;123;183;224m▆[38;2;108;158;193m▆[38;2;76;109;171m▘[0m[38;2;80;117;193;48;2;68;93;129m▆[0m[7m[38;2;80;117;192m▔[0m[38;2;75;108;176m▘       [38;2;61;83;127m▔[38;2;75;108;176m▀[7m[38;2;79;115;189m▂[0m[38;2;66;92;140;48;2;108;157;192m▘[48;2;125;185;227m  [38;2;110;161;198;48;2;123;182;224m▔[0m[7m[38;2;123;182;224m▔[0m[38;2;91;129;158;48;2;125;185;227m▔[38;2;121;178;219;48;2;124;184;226m▔[38;2;111;162;198;48;2;124;183;225m▁[0m[38;2;99;142;173m▍[0m
  [38;2;61;83;128m▁[38;2;78;113;186m▁[38;2;75;107;174m▂[38;2;80;117;193m▂[7m[38;2;73;104;167m▘[0m[38;2;80;117;193;48;2;81;118;194m▔▁[0m[7m[38;2;67;93;147m▗[0m [38;2;40;44;52m        [0m [38;2;124;184;226m▗[48;2;125;185;227m▔▁[0m[7m[38;2;108;158;193m▗[38;2;124;184;225m▆[38;2;113;165;203m▆[0m[38;2;119;176;216m▔[38;2;86;120;147m▔[0m [38;2;47;57;68m [0m
[7m[38;2;68;95;151m▋[0m[38;2;74;105;170;48;2;80;117;192m▔[38;2;79;115;189;48;2;80;117;193m▁[38;2;64;88;137;48;2;81;118;194m▁[0m[7m[38;2;80;116;191m▁[0m[38;2;74;105;170;48;2;80;116;191m▁[48;2;81;118;194m  [38;2;74;105;166;48;2;83;116;153m▊[0m[38;2;121;179;219m▆[7m[38;2;112;164;201m▀[0m [38;2;81;112;137m       [38;2;114;167;205m▗[7m[38;2;123;183;224m▁[38;2;124;184;226m▂[38;2;106;155;193m▗[0m[38;2;71;100;160m▂[38;2;79;116;190m▂[38;2;77;111;181m▃[38;2;80;117;193m▃[38;2;76;109;177m▖  [0m
 [38;2;60;80;123m▔[0m [38;2;50;64;91m [38;2;77;111;182m▗[38;2;77;112;183;48;2;80;117;193m▏[48;2;81;118;194m [0m[7m[38;2;76;110;180m▗[0m[38;2;109;158;194m▝[7m[38;2;122;181;222m▃[0m[38;2;119;175;215;48;2;125;185;227m▁[38;2;106;155;190;48;2;124;184;226m▔[0m[38;2;119;175;215m▅[38;2;96;138;173m▃[7m[38;2;75;107;173m▀[0m[38;2;77;110;180m▅[38;2;80;117;192m▅[38;2;79;115;188m▆[38;2;80;117;193m▆[7m[38;2;80;117;192m▔[0m[38;2;65;90;141;48;2;81;118;194m▔[38;2;80;117;192m▔▁[0m[7m[38;2;80;117;193m▁[38;2;78;113;185m▁[38;2;80;116;190m▂[38;2;79;114;188m▃[0m [38;2;53;68;99m  [0m
 [38;2;0;0;0m  [0m [7m[38;2;71;100;161m▅[38;2;78;113;184m▂[38;2;79;114;187m▗[0m [38;2;50;62;88m  [7m[38;2;103;149;182m▋[0m[38;2;124;183;225;48;2;125;185;227m▏ [38;2;124;184;226m▔[38;2;122;181;222;48;2;81;114;148m▆[38;2;71;100;151;48;2;98;143;190m▘[0m[38;2;76;110;179m▀[7m[38;2;78;114;186m▅[38;2;80;117;192m▆[38;2;77;111;181m▆[0m[38;2;78;112;184m▀[38;2;61;83;127;48;2;79;116;190m▁[38;2;80;117;193;48;2;81;118;194m▔[0m[38;2;79;116;190m▆[7m[38;2;72;103;166m▀[0m [38;2;55;72;106m    [0m
 [38;2;0;0;0m     [0m [38;2;44;51;66m  [38;2;90;127;155m▗[38;2;95;136;166;48;2;121;178;219m▏[48;2;125;185;227m [38;2;87;122;150;48;2;118;174;213m▕[0m[7m[38;2;117;173;212m▅[38;2;119;176;215m▂[0m[38;2;122;181;222;48;2;125;185;227m▁[38;2;99;143;175;48;2;124;184;225m▔[0m[38;2;116;171;210m▅[38;2;98;141;173m▂[0m [38;2;40;45;53m [0m [7m[38;2;74;105;171m▅[38;2;80;117;192m▃[38;2;80;116;191m▃[0m[38;2;67;94;149m▘    [0m
 [38;2;0;0;0m        [38;2;117;172;211m▝[7m[38;2;124;183;225m▃[38;2;123;182;224m▃[0m[38;2;92;131;160m▘  [7m[38;2;92;130;159m▆[38;2;120;177;218m▆[38;2;99;143;175m▆[0m[38;2;100;144;177m▔[0m [38;2;42;48;57m          [0m
[?25h