[?25l[0m     [38;2;41;47;57m     [0m [38;2;100;145;177m▁[38;2;123;182;224m▁[38;2;120;178;218m▂[38;2;91;128;157m▂  [38;2;93;132;162m▗[38;2;123;183;224m▅[38;2;124;183;225m▅[38;2;116;171;210m▖         [0m
 [38;2;0;0;0m  [0m [38;2;67;93;146m▗[38;2;79;116;190m▅[38;2;80;116;191m▅[38;2;73;104;168m▃[0m [38;2;48;59;81m [0m [7m[38;2;100;143;175m▆[38;2;117;172;211m▃[0m[38;2;100;144;177;48;2;124;184;226m▁[38;2;122;180;222;48;2;125;185;227m▔[0m[38;2;119;175;215m▆[38;2;117;172;211m▃[38;2;85;119;145;48;2;124;184;226m▘[48;2;125;185;227m [38;2;95;136;167;48;2;121;178;219m▕[0m[38;2;90;127;155m▘  [0m [38;2;45;54;72m      [0m
 [38;2;0;0;0m   [0m [38;2;73;105;169m▀[7m[38;2;80;116;191m▂[0m[38;2;80;117;193;48;2;81;118;194m▏[38;2;60;80;123;48;2;79;115;189m▔[0m[7m[38;2;77;111;182m▀[0m[38;2;75;108;176m▂[38;2;80;116;191m▂[38;2;78;112;184m▃[38;2;80;117;193m▃[38;2;71;99;149;48;2;98;143;190m▗[38;2;82;114;148;48;2;123;181;222m▂[38;2;124;184;226;48;2;125;185;227m▏ [38;2;124;183;225m▕[0m[38;2;103;149;182m▍  [0m [7m[38;2;79;115;189m▘[0m[38;2;78;113;185m▆[38;2;72;102;164m▃[0m [38;2;40;44;52m   [0m
 [38;2;0;0;0m [0m [38;2;79;114;187m▅[38;2;79;115;189m▆[38;2;80;117;193m▆[7m[38;2;80;117;192m▔[0m[38;2;80;117;192;48;2;81;118;194m▔▁[38;2;68;96;153m▁[0m[7m[38;2;80;117;192m▁[38;2;80;117;193m▂[38;2;79;115;189m▂[38;2;80;117;193m▃[38;2;77;112;183m▃[0m[38;2;75;107;172m▀[7m[38;2;97;139;174m▅[38;2;119;176;216m▃[0m[38;2;108;157;192;48;2;124;184;226m▁[38;2;118;174;214;48;2;125;185;227m▔[0m[38;2;122;181;222m▅[38;2;109;158;194m▖[7m[38;2;77;112;183m▘[0m[38;2;46;56;75;48;2;81;118;194m [38;2;78;113;186;48;2;80;117;193m▕[0m[38;2;78;113;185m▘[0m  [38;2;61;83;128m▁ [0m
 [38;2;0;0;0m [38;2;76;110;178m▝[38;2;75;108;176m▀[7m[38;2;78;113;184m▅[38;2;80;116;191m▆[38;2;72;103;166m▆[38;2;107;156;195m▘[0m[38;2;125;185;227;48;2;75;103;135m▆[0m[7m[38;2;124;183;225m▔[0m[38;2;115;168;206m▘       [38;2;82;114;140m▔[38;2;113;165;202m▀[7m[38;2;121;179;219m▂[0m[38;2;87;123;159;48;2;76;108;167m▏[48;2;81;118;194m  [38;2;74;107;173;48;2;80;117;192m▔[0m[7m[38;2;80;116;191m▔[0m[38;2;65;90;140;48;2;81;118;194m▔[38;2;79;115;190m▔[38;2;77;111;181;48;2;80;117;192m▁[0m[38;2;69;98;156m▍[0m
  [38;2;88;124;151m▁[38;2;122;180;221m▁[38;2;115;168;206m▂[38;2;124;184;226m▂[7m[38;2;109;159;194m▘[0m[38;2;124;184;226;48;2;125;185;227m▔▁[0m[7m[38;2;95;136;167m▗[0m [38;2;40;44;52m        [0m [7m[38;2;68;96;151m▘[0m[38;2;80;117;193;48;2;81;118;194m▔ [0m[7m[38;2;74;105;170m▗[38;2;73;105;169m▅[38;2;77;111;181m▆[0m[38;2;80;116;191m▔[38;2;65;90;141m▔[0m [38;2;45;53;69m [0m
[7m[38;2;99;141;173m▋[0m[38;2;114;167;205;48;2;123;183;224m▔[38;2;120;176;216;48;2;124;184;226m▁[38;2;85;120;146;48;2;125;185;227m▁[0m[7m[38;2;122;181;222m▁[0m[38;2;111;162;199;48;2;123;182;224m▁[48;2;125;185;227m  [38;2;71;98;144;48;2;100;145;182m▕[0m[38;2;79;114;187m▆[7m[38;2;74;106;171m▀[0m [38;2;58;77;116m       [38;2;77;111;181m▗[7m[38;2;80;117;193m▁[0m[38;2;70;96;134;48;2;81;118;194m▂[0m[7m[38;2;77;111;174m▗[0m[38;2;108;157;192m▂[38;2;123;182;224m▂[38;2;119;175;215m▃[7m[38;2;114;167;205m▀[0m[38;2;115;169;208m▖  [0m
   [38;2;57;73;89m [38;2;118;174;214m▗[38;2;119;175;214;48;2;124;184;226m▏[48;2;125;185;227m [0m[7m[38;2;116;170;209m▗[0m[38;2;74;106;171m▝[7m[38;2;77;112;183m▂[0m[38;2;78;113;186;48;2;81;118;194m▁[38;2;70;100;159;48;2;80;117;193m▔[0m[38;2;77;112;183m▅[38;2;70;99;150m▃[7m[38;2;111;162;199m▀[0m[38;2;118;174;213m▅[38;2;124;184;226m▅[38;2;122;180;221m▆[38;2;124;184;226m▆[7m[38;2;124;183;225m▔[0m[38;2;100;143;176;48;2;125;185;227m▔[38;2;124;183;225m▔[38;2;123;183;224m▁[0m[7m[38;2;124;183;225m▁[38;2;124;184;226m▂[38;2;122;180;221m▂[38;2;121;178;219m▃[0m [38;2;67;90;109m  [0m
 [38;2;0;0;0m  [0m [7m[38;2;104;151;185m▅[38;2;118;175;214m▂[38;2;120;178;218m▗[0m [38;2;60;78;95m  [7m[38;2;71;100;161m▋[0m[38;2;80;117;193;48;2;81;118;194m▏ ▔[38;2;72;99;143;48;2;78;114;186m▝[38;2;65;90;141;48;2;95;137;185m▗[0m[7m[38;2;124;184;226m▅[38;2;119;175;215m▅[38;2;123;182;224m▆[38;2;114;167;205m▆[0m[38;2;118;173;212m▀[7m[38;2;122;180;221m▁[0m[38;2;124;184;226;48;2;125;185;227m▔[0m[38;2;123;182;223m▆[7m[38;2;110;160;196m▀[0m [38;2;75;102;124m    [0m
 [38;2;0;0;0m     [0m [38;2;47;56;68m  [38;2;64;88;138m▗[38;2;67;93;146;48;2;79;114;188m▏[48;2;81;118;194m [38;2;62;84;130;48;2;77;112;183m▕[0m[7m[38;2;77;112;183m▅[38;2;78;113;186m▂[0m[38;2;80;116;191;48;2;81;118;194m▁[38;2;67;93;146;48;2;80;117;192m▔[0m[38;2;76;110;179m▅[38;2;67;93;146m▂  [0m [7m[38;2;109;159;195m▅[38;2;123;182;224m▃[38;2;122;181;222m▃[0m[38;2;96;138;168m▘[0m [38;2;50;61;74m   [0m
 [38;2;0;0;0m        [38;2;77;112;183m▝[7m▂[38;2;80;117;192m▃[0m[38;2;65;89;139m▘ [0m [7m[38;2;66;91;143m▆[38;2;79;115;188m▆[38;2;69;98;156m▆[0m[38;2;71;100;161m▔[0m [38;2;41;46;56m     [0m    [38;2;64;84;102m [0m
[?25h