[?25l[0m [38;2;0;0;0m         [38;2;82;115;140m▗[38;2;120;177;217m▆[38;2;124;184;226m▆▖   [0m [38;2;69;97;155m▁[0m [38;2;42;49;62m          [0m
 [38;2;0;0;0m     [38;2;94;134;164m▁[7m[38;2;111;162;199m▀[0m[38;2;124;183;225m▃[38;2;123;183;224m▂[38;2;122;181;222m▁[38;2;84;118;144;48;2;121;180;220m▎[48;2;125;185;227m [38;2;112;163;200;48;2;124;184;225m▕[0m[38;2;89;127;155m▖  [0m [38;2;64;87;136;48;2;80;117;192m▖[38;2;71;101;162;48;2;81;118;194m▔[0m[7m[38;2;78;114;186m▔[0m [38;2;55;72;106m [0m [38;2;73;104;168m▃[38;2;79;114;187m▂[0m [38;2;49;61;85m   [0m
 [38;2;0;0;0m    [0m [38;2;117;172;212m▀[7m[38;2;119;175;215m▃[38;2;119;176;216m▂[38;2;120;177;217m▁[0m[38;2;88;124;152;48;2;124;184;226m▁[38;2;124;183;225;48;2;125;185;227m▁  [0m[7m[38;2;123;183;224m▝[0m[38;2;118;174;213m▅[7m[38;2;117;172;211m▀[0m[38;2;115;169;208m▃[38;2;77;112;183m▝[38;2;80;117;193;48;2;81;118;194m▏ [0m[7m[38;2;78;113;184m▝[0m[38;2;79;116;190m▅[38;2;70;99;158;48;2;80;117;193m▔[38;2;77;111;181m▁[0m[7m[38;2;78;114;186m▂[0m[38;2;71;101;162m▘   [0m
 [7m[38;2;75;107;174m▀[38;2;80;117;193m▀[38;2;75;109;176m▀[0m[38;2;74;106;172m▃[38;2;72;102;164m▂[38;2;64;89;139m▁[38;2;60;81;124m▁[38;2;76;110;179m▃[38;2;77;111;181m▆[7m[38;2;80;117;193m▔[0m[38;2;80;116;191;48;2;73;101;136m▆[0m[7m[38;2;83;119;172m▂[38;2;124;183;225m▆▅[0m[38;2;124;183;225m▀[7m▃▂[0m[38;2;110;161;197m▊[7m[38;2;78;113;184m▖[0m[38;2;57;73;103;48;2;81;118;194m  [0m[7m[38;2;79;116;190m▗[38;2;78;112;184m▅[0m[38;2;63;87;134m▔  [0m [38;2;40;44;53m  [0m
 [38;2;76;110;180m▀[7m[38;2;78;112;184m▃[38;2;78;113;184m▂[0m[38;2;62;85;131;48;2;80;117;193m▂[48;2;81;118;194m [38;2;80;117;193m▔[38;2;79;114;188m▔[38;2;76;110;179;48;2;80;117;193m▁[0m[7m[38;2;78;113;185m▂[38;2;78;113;184m▅[0m[38;2;63;86;134m▔       [38;2;67;94;149m▝[38;2;77;112;182;48;2;80;117;193m▏[48;2;81;118;194m [0m[7m[38;2;78;112;184m▝[0m  [38;2;116;170;208m▃[38;2;117;172;212m▆[7m[38;2;111;162;199m▝[0m [38;2;41;47;55m [0m
  [38;2;77;111;182m▃[38;2;78;112;184m▆[38;2;75;107;173;48;2;80;117;193m▔[38;2;76;109;177m▁[0m[7m[38;2;78;113;185m▂[0m[38;2;72;103;158;48;2;101;147;196m▝[38;2;124;184;226;48;2;84;118;156m▅[0m[7m[38;2;110;161;198m▝[0m [38;2;40;45;53m         [7m[38;2;75;108;175m▍[0m[38;2;74;104;147;48;2;80;117;193m▃[38;2;96;137;172;48;2;90;130;187m▖[0m[38;2;118;174;214m▆[38;2;111;162;199;48;2;124;184;226m▔[38;2;111;162;198m▁[0m[7m[38;2;118;174;213m▂[38;2;116;171;210m▅[0m [38;2;50;61;73m [0m
  [7m[38;2;76;109;177m▖[38;2;78;112;183m▂[38;2;77;111;182m▅[0m[38;2;61;82;126m▔[0m [7m[38;2;117;172;212m▖[0m[38;2;59;77;93;48;2;125;185;227m [38;2;120;177;217;48;2;124;184;226m▕[0m[38;2;103;149;182m▖       [38;2;84;118;144m▁[38;2;117;173;212m▃[38;2;119;175;214m▆[38;2;113;165;202;48;2;124;184;226m▔[38;2;120;177;217;48;2;125;185;227m▁[38;2;124;183;225m▁ [38;2;124;184;226;48;2;83;115;141m▆[0m[38;2;118;173;213m▆[38;2;117;172;211m▅[7m[38;2;114;167;204m▀[0m [0m
 [38;2;0;0;0m [0m [38;2;40;45;55m  [38;2;88;124;151m▁[38;2;118;174;214m▃[7m[38;2;121;179;220m▘[0m[38;2;66;88;107;48;2;125;185;227m  [0m[7m[38;2;120;178;218m▝[38;2;73;104;166m▔[0m[38;2;80;117;192m▆▅[7m▀[0m[38;2;80;117;192m▃▂[38;2;94;136;178m▆[38;2;70;96;131;48;2;123;181;222m▂[0m[7m[38;2;124;184;226m▁[38;2;123;182;223m▃[38;2;114;168;206m▅[0m [38;2;88;124;151m▔[7m[38;2;105;152;186m▆[38;2;110;161;197m▅[38;2;124;184;226m▅[0m[38;2;124;184;226m▀[38;2;112;164;201m▀[0m [0m
 [38;2;0;0;0m  [38;2;101;145;178m▗[38;2;120;177;217m▆[38;2;116;171;210;48;2;124;184;226m▔[38;2;105;151;185m▁[0m[7m[38;2;123;181;222m▃[38;2;118;173;213m▖[0m[38;2;45;52;63;48;2;125;185;227m  [0m[38;2;120;177;217m▖[7m[38;2;76;110;178m▅[0m[38;2;77;111;181m▀[7m[38;2;77;112;183m▃[38;2;80;116;192m▖[0m[38;2;56;74;110;48;2;81;118;194m  [38;2;80;117;192m▔[38;2;63;86;133;48;2;80;117;193m▔[0m[7m[38;2;78;113;186m▔[0m[38;2;78;113;185m▆[38;2;78;113;184m▅[7m[38;2;77;111;181m▀[0m [38;2;59;79;120m     [0m
 [38;2;0;0;0m  [0m [7m[38;2;120;176;216m▆[38;2;109;158;194m▅[0m [38;2;73;99;120m [0m [7m[38;2;119;175;215m▁[0m[38;2;102;147;180;48;2;124;184;226m▁[38;2;88;124;152;48;2;121;179;219m▕[0m [38;2;70;94;114m  [38;2;63;87;135m▝[38;2;74;107;173;48;2;80;117;193m▏[48;2;81;118;194m [38;2;61;83;127;48;2;79;115;188m▝[0m[38;2;79;116;190m▔[7m[38;2;80;117;192m▆▅[0m[38;2;74;106;171m▀[38;2;66;91;143m▔      [0m
 [38;2;0;0;0m         [0m [38;2;97;139;170m▔[0m [38;2;65;86;104m   [38;2;80;117;193m▝[7m▂[38;2;78;114;186m▂[0m[38;2;61;82;126m▘          [0m
[?25h