[?25l[0m [38;2;0;0;0m      [0m [38;2;71;100;160m▃[7m[38;2;80;116;191m▀[38;2;72;102;165m▀[0m [38;2;43;49;63m  [0m [38;2;111;163;199m▂[38;2;116;171;210m▂[38;2;107;155;190m▂[0m [38;2;72;98;118m   [0m  [38;2;40;44;52m      [0m
 [38;2;0;0;0m      [0m [38;2;80;116;191m▝[38;2;77;111;181;48;2;80;117;193m▁[48;2;81;118;194m [0m[7m[38;2;76;109;178m▝[0m [38;2;51;64;91m  [38;2;104;150;184m▝[38;2;91;130;158;48;2;124;184;226m▖[48;2;125;185;227m [38;2;85;119;145;48;2;118;174;214m▔[0m[38;2;97;139;170m▖[38;2;92;131;161m▂[38;2;119;176;216m▅[38;2;111;163;199;48;2;124;184;226m▔[38;2;91;129;157;48;2;122;180;221m▔[0m [38;2;82;113;139m     [0m
 [38;2;0;0;0m  [0m [38;2;69;98;156m▃[38;2;79;114;188m▆[7m[38;2;79;115;188m▔[0m[38;2;80;117;193m▆[38;2;80;117;192m▆[38;2;70;99;157;48;2;78;113;185m▏[48;2;81;118;194m  [0m[7m[38;2;80;116;191m▝[0m[38;2;77;112;182m▅[7m[38;2;80;117;193m▀[38;2;79;115;189m▀[38;2;76;108;161m▘[38;2;122;180;221m▖[0m[38;2;72;99;131;48;2;125;185;227m [38;2;107;155;190;48;2;124;184;226m▔[38;2;120;177;217m▔[38;2;113;165;203m▁[0m[7m[38;2;116;170;208m▃[0m [38;2;81;113;138m      [0m
 [38;2;0;0;0m  [0m [38;2;80;117;192m▔[7m[38;2;72;102;165m▆[38;2;77;111;182m▆[38;2;80;116;192m▆[38;2;81;118;194m▆[0m[38;2;72;101;157;48;2;106;155;202m▘[38;2;97;141;190;48;2;96;139;190m▏[38;2;91;130;158;48;2;88;127;184m▗[0m[38;2;78;112;184m▀[38;2;80;116;191m▀[38;2;80;117;193m▀[7m[38;2;77;112;183m▃[38;2;80;116;191m▃[38;2;74;105;163m▃[38;2;112;163;200m▖[0m[38;2;48;58;72;48;2;125;185;227m  [0m[7m[38;2;105;153;187m▝[0m [38;2;44;50;60m [0m [7m[38;2;76;110;180m▀[38;2;75;108;175m▝[0m [38;2;51;64;90m  [0m
[38;2;97;138;169m▃[7m[38;2;124;184;226m▀[38;2;123;183;224m▀[38;2;120;176;216m▀[0m[38;2;124;184;226m▃[38;2;123;182;224m▃[38;2;122;180;221m▃[7m[38;2;120;176;216m▘[0m[38;2;124;184;226;48;2;125;185;227m▔[38;2;95;136;166;48;2;123;182;224m▁[0m[38;2;114;167;205m▀[0m [38;2;73;98;120m      [0m [38;2;124;183;225m▝[38;2;119;175;215;48;2;124;184;226m▁[38;2;124;184;226;48;2;125;185;227m▕[0m[7m[38;2;93;132;167m▝[38;2;76;110;179m▀[0m[38;2;68;95;150;48;2;80;117;192m▔[38;2;80;117;193;48;2;81;118;194m▁[0m[7m[38;2;78;112;184m▂[0m[38;2;71;100;160m▘  [0m
[38;2;112;164;201m▝[38;2;124;183;225m▀[7m[38;2;116;171;209m▃[38;2;121;179;219m▃[0m[38;2;88;123;151;48;2;124;183;225m▖[48;2;125;185;227m  [38;2;98;140;173;48;2;123;182;224m▁[38;2;78;109;149;48;2;101;148;195m▖[0m[38;2;78;112;184m▖          [38;2;116;171;209m▝[38;2;77;109;147;48;2;87;126;183m▝[38;2;69;96;151;48;2;80;116;191m▔[48;2;81;118;194m  [38;2;62;85;132;48;2;80;117;192m▝[0m[38;2;79;114;188m▅[38;2;76;110;180m▅[7m[38;2;80;117;193m▀[0m[38;2;75;107;174m▖[0m
 [38;2;0;0;0m [38;2;105;152;186m▗[7m[38;2;119;175;214m▘[0m[38;2;124;184;226;48;2;125;185;227m▔[38;2;98;141;172;48;2;123;183;224m▁[0m[38;2;116;170;208m▀[7m[38;2;73;102;155m▖[0m[38;2;80;117;193;48;2;81;118;194m▔[38;2;79;114;187;48;2;80;117;193m▔[0m[7m[38;2;67;94;149m▝[0m [38;2;42;48;61m      [0m [7m[38;2;75;108;176m▀[0m[38;2;66;92;145;48;2;80;116;191m▔[38;2;80;117;193;48;2;81;118;194m▁[0m[7m[38;2;78;113;185m▗[38;2;79;115;189m▅[38;2;80;116;191m▅[38;2;80;117;193m▅[0m[38;2;78;113;186m▀[38;2;80;117;192m▀[38;2;80;117;193m▀[7m[38;2;67;93;147m▅[0m
 [38;2;0;0;0m [0m [7m[38;2;113;166;204m▖[0m[38;2;116;171;210m▀[0m [38;2;77;106;129m [0m [7m[38;2;72;102;165m▖[0m[38;2;43;50;64;48;2;81;118;194m  [0m[7m[38;2;75;109;176m▝[0m[38;2;102;148;186m▅[38;2;124;183;225m▅[38;2;120;177;217m▅[7m[38;2;124;184;226m▀[38;2;124;183;225m▀[38;2;120;177;218m▀[0m[38;2;64;89;138;48;2;101;148;196m▘[38;2;94;136;190;48;2;93;135;189m▏[38;2;92;134;188;48;2;91;132;188m▏[0m[38;2;113;166;203m▃[38;2;124;184;225m▂[38;2;120;176;216m▂[38;2;111;162;198m▂[38;2;124;184;226m▁[0m [38;2;56;71;86m   [0m
 [38;2;0;0;0m     [38;2;60;82;125m▂[38;2;77;110;180m▅[38;2;76;109;177;48;2;80;117;193m▔[38;2;79;115;189;48;2;81;118;194m▁[38;2;73;105;169;48;2;80;117;193m▁[48;2;81;118;194m [38;2;70;95;133;48;2;80;116;190m▝[0m[7m[38;2;122;181;222m▅[0m[38;2;120;178;218m▀[38;2;124;183;225m▀[7m[38;2;116;171;209m▃[38;2;123;182;223m▖[0m[38;2;71;96;117;48;2;125;185;227m  [38;2;102;147;180;48;2;119;176;216m▕[0m[7m[38;2;123;182;223m▂[38;2;124;184;226m▂[38;2;120;178;218m▁▂[38;2;100;144;176m▅[0m [38;2;42;48;57m   [0m
 [38;2;0;0;0m    [7m[38;2;61;82;126m▊[0m[38;2;67;94;149;48;2;79;116;190m▁[38;2;77;111;182;48;2;81;118;194m▁[0m[7m[38;2;78;114;187m▃[38;2;67;92;146m▆[0m[38;2;68;95;151m▝[38;2;62;84;129;48;2;80;117;193m▖[48;2;81;118;194m [38;2;66;91;142;48;2;79;114;187m▔[0m[38;2;72;103;165m▖  [0m [7m[38;2;114;168;206m▖[0m[38;2;49;59;71;48;2;125;185;227m [38;2;118;173;212;48;2;124;184;226m▔[0m[38;2;123;182;224m▖[0m [38;2;42;48;57m       [0m
 [38;2;0;0;0m     [0m  [38;2;44;52;68m   [0m [7m[38;2;74;106;172m▆[38;2;78;113;186m▆[38;2;76;109;178m▆[0m [38;2;42;48;60m  [0m [38;2;105;153;187m▀[38;2;122;180;221m▀[7m[38;2;103;149;182m▅[0m [38;2;43;49;59m       [0m
[?25h