[?25l[0m     [38;2;43;49;59m     [0m [38;2;71;100;161m▁[38;2;69;98;156m▂[38;2;79;115;188m▂[38;2;66;91;143m▂[0m [38;2;40;44;52m [38;2;65;89;139m▗[38;2;80;117;192m▅[38;2;77;112;183m▆▖         [0m
 [38;2;0;0;0m  [0m [38;2;96;137;168m▗[38;2;122;181;222m▅[38;2;123;182;224m▅[38;2;109;159;195m▃[0m [38;2;56;72;86m  [7m[38;2;67;93;146m▆[38;2;76;110;179m▃[0m[38;2;67;93;146;48;2;80;117;192m▁[38;2;80;116;191;48;2;81;118;194m▔[0m[38;2;78;113;186m▆[38;2;77;112;183m▃[38;2;61;82;125;48;2;80;117;193m▘[48;2;81;118;194m [38;2;67;93;146;48;2;79;114;188m▕[0m[38;2;64;88;138m▘  [0m [38;2;47;56;68m      [0m
 [38;2;0;0;0m   [0m [38;2;110;160;196m▀[7m[38;2;123;182;223m▂[0m[38;2;124;184;226;48;2;125;185;227m▏[0m[7m[38;2;122;180;221m▔[38;2;118;173;212m▀[0m[38;2;114;167;205m▂[38;2;123;182;224m▂[38;2;119;175;214m▃[38;2;124;184;226m▃[38;2;65;90;141;48;2;95;137;185m▘[38;2;69;95;133;48;2;79;115;189m▂[38;2;80;117;193;48;2;81;118;194m▏ ▕[0m[38;2;71;100;161m▍  [0m [7m[38;2;120;178;218m▘[0m[38;2;118;175;214m▆[38;2;104;151;185m▃[0m [38;2;40;44;52m   [0m
 [38;2;0;0;0m [0m [38;2;121;178;219m▅[38;2;122;180;221m▆[38;2;124;184;226m▆[7m[38;2;124;183;225m▔[0m[38;2;123;183;224;48;2;125;185;227m▔[38;2;124;183;225m▁[38;2;100;143;176m▁[0m[7m[38;2;124;183;225m▁[38;2;124;184;226m▂[38;2;122;180;221m▂[38;2;124;184;226m▃[38;2;118;174;213m▃[0m[38;2;111;162;199m▀[7m[38;2;70;99;150m▅[38;2;77;112;183m▃[0m[38;2;70;100;159;48;2;80;117;193m▁[38;2;78;113;186;48;2;81;118;194m▔[0m[38;2;77;112;183m▆[38;2;74;106;171m▖[7m[38;2;116;170;208m▘[0m[38;2;50;61;74;48;2;125;185;227m [38;2;119;175;215;48;2;124;184;226m▕[0m[38;2;118;174;214m▘ [0m  [38;2;78;108;131m [0m
 [38;2;0;0;0m [38;2;115;169;208m▝[38;2;114;167;205m▀[7m[38;2;119;175;215m▅[38;2;123;182;224m▆[38;2;108;157;192m▆[38;2;77;111;174m▘[0m[38;2;81;118;194;48;2;70;96;135m▆[0m[7m[38;2;80;117;193m▔[0m[38;2;77;111;181m▘       [0m [38;2;74;106;171m▀[7m[38;2;79;114;187m▂[0m[38;2;65;89;136;48;2;107;156;191m▘[48;2;125;185;227m  [38;2;111;162;199;48;2;123;182;224m▔[0m[7m[38;2;122;181;222m▔[0m[38;2;85;119;146;48;2;125;185;227m▔[38;2;120;176;216;48;2;124;184;226m▔[38;2;114;167;205;48;2;123;183;224m▁[0m[38;2;99;141;173m▍[0m
  [38;2;65;90;141m▁[38;2;79;116;191m▁[38;2;77;111;181m▂[38;2;73;105;169m▃[7m[38;2;73;105;170m▘[0m[38;2;41;46;56;48;2;81;118;194m [38;2;80;117;193m▁[0m[7m[38;2;68;96;152m▗[0m [38;2;40;44;53m        [0m [38;2;124;184;225m▗[38;2;124;184;226;48;2;125;185;227m▔▁[0m[7m[38;2;109;159;194m▗[38;2;124;184;226m▆[38;2;115;168;207m▆[0m[38;2;122;180;221m▔[38;2;88;124;152m▔[0m [38;2;48;58;69m [0m
[7m[38;2;69;97;156m▋[0m[38;2;77;111;181;48;2;80;117;192m▔[38;2;79;115;190;48;2;81;118;194m▁[38;2;65;90;141m▁[0m[7m[38;2;80;116;191m▁[0m[38;2;74;107;173;48;2;80;117;192m▁[48;2;81;118;194m  [38;2;86;122;152;48;2;74;106;170m▗[0m[38;2;121;179;219m▆[7m[38;2;113;165;202m▀[0m[38;2;82;114;140m▁       [38;2;115;168;206m▗[7m[38;2;124;183;225m▁[0m[38;2;75;103;135;48;2;125;185;227m▂[0m[7m[38;2;107;156;195m▗[0m[38;2;72;103;166m▂[38;2;80;116;191m▂[38;2;78;113;184m▃[7m[38;2;75;108;176m▀[0m[38;2;76;110;178m▖  [0m
 [38;2;61;83;128m▔[0m  [38;2;78;113;185m▗[38;2;78;113;186;48;2;80;117;193m▏[48;2;81;118;194m [0m[7m[38;2;77;112;183m▗[0m[38;2;109;158;194m▝[7m[38;2;122;181;222m▃[0m[38;2;118;174;214;48;2;125;185;227m▁[38;2;108;157;192;48;2;124;184;226m▔[0m[38;2;119;176;216m▅[38;2;97;139;174m▃[7m[38;2;74;107;172m▀[0m[38;2;77;112;183m▅[38;2;80;117;193m▅[38;2;79;115;189m▆[38;2;80;117;193m▆[7m[38;2;80;117;192m▔[0m[38;2;68;96;153;48;2;81;118;194m▔[38;2;80;117;192m▔▁[0m[7m[38;2;80;117;192m▁[38;2;80;117;193m▂[38;2;79;115;189m▂[38;2;79;114;187m▃[0m [38;2;53;68;98m  [0m
 [38;2;0;0;0m  [0m [7m[38;2;72;102;164m▅[38;2;78;113;185m▂[38;2;79;115;189m▗[0m [38;2;51;65;92m  [7m[38;2;103;149;182m▋[0m[38;2;124;183;225;48;2;125;185;227m▏ [38;2;124;184;226m▔[38;2;123;181;222;48;2;82;114;148m▆[38;2;71;99;149;48;2;98;143;190m▘[0m[7m[38;2;80;117;193m▅[38;2;78;112;184m▅[38;2;80;116;191m▆[38;2;75;108;176m▆[0m[38;2;77;111;182m▀[38;2;60;80;123;48;2;79;115;189m▁[38;2;80;117;193;48;2;81;118;194m▔[0m[38;2;80;116;191m▆[7m[38;2;73;105;169m▀[0m [38;2;56;74;111m    [0m
 [38;2;0;0;0m     [0m [38;2;45;54;72m  [38;2;90;127;155m▗[38;2;95;136;167;48;2;121;178;219m▏[48;2;125;185;227m [38;2;87;123;150;48;2;118;174;214m▕[0m[7m[38;2;117;172;211m▅[38;2;119;175;215m▂[0m[38;2;122;181;222;48;2;125;185;227m▁[38;2;100;144;177;48;2;124;184;226m▔[0m[38;2;117;172;211m▅[38;2;100;143;175m▂[0m [38;2;40;45;54m [0m [7m[38;2;73;104;168m▅[38;2;80;116;191m▃[38;2;79;116;190m▃[0m[38;2;67;93;147m▘[0m [38;2;45;53;70m   [0m
 [38;2;0;0;0m        [38;2;116;171;210m▝[7m[38;2;124;183;225m▃[38;2;123;183;224m▃[0m[38;2;93;133;162m▘  [7m[38;2;91;128;157m▆[38;2;120;178;218m▆[0m[38;2;123;182;224m▔[38;2;101;145;178m▔[0m [38;2;42;48;57m     [0m    [38;2;51;65;93m [0m
[?25h