[?25l[0m [38;2;0;0;0m      [0m [38;2;103;148;182m▃[7m[38;2;122;181;222m▀[38;2;105;153;187m▀[0m [38;2;46;54;64m  [0m [38;2;75;107;174m▂[38;2;77;112;183m▂[38;2;73;104;167m▂[0m [38;2;55;71;105m   [0m     [38;2;40;45;55m   [0m
 [38;2;0;0;0m      [0m [38;2;123;182;224m▝[38;2;117;172;212;48;2;124;184;226m▁[48;2;125;185;227m [0m[7m[38;2;114;168;206m▝[0m [38;2;62;81;98m  [38;2;71;100;160m▝[38;2;65;90;140;48;2;80;117;193m▖[48;2;81;118;194m [38;2;60;81;124;48;2;80;117;193m▝[0m[38;2;66;92;146m▖[38;2;66;92;144m▂[38;2;78;114;186m▅[38;2;75;109;177;48;2;81;118;194m▔[38;2;71;100;161;48;2;79;114;187m▕[0m [38;2;60;80;122m     [0m
 [38;2;0;0;0m  [0m [38;2;100;144;176m▃[38;2;120;178;218m▆[7m[38;2;121;178;218m▔[0m[38;2;124;184;226m▆[38;2;123;183;224m▆[38;2;102;147;180;48;2;119;176;216m▏[48;2;125;185;227m  [0m[7m[38;2;123;182;223m▝[0m[38;2;116;171;210m▅[7m[38;2;124;183;225m▀[38;2;121;178;219m▀[0m[38;2;122;181;222m▃[7m[38;2;79;115;189m▖[0m[38;2;68;93;128;48;2;81;118;194m [38;2;72;102;164;48;2;80;117;193m▔[38;2;79;115;188m▔[38;2;74;106;172m▁[0m[7m[38;2;76;109;177m▃[0m [38;2;59;79;120m      [0m
 [38;2;0;0;0m  [0m [38;2;123;183;224m▔[7m[38;2;110;160;196m▆[38;2;119;175;215m▆[38;2;123;183;224m▆[38;2;88;126;168m▖[0m[38;2;92;134;189;48;2;91;132;188m▕[38;2;94;136;190;48;2;93;135;189m▕[38;2;64;88;136;48;2;96;139;187m▁[0m[38;2;120;177;217m▀[38;2;123;182;224m▀[38;2;124;184;226m▀[7m[38;2;119;176;216m▃[38;2;123;182;224m▃[38;2;102;148;184m▃[38;2;75;107;173m▖[0m[38;2;48;57;73;48;2;81;118;194m  [0m[7m[38;2;71;100;161m▝[0m [38;2;41;47;58m [0m [7m[38;2;116;171;210m▀[38;2;113;165;203m▝[0m [38;2;68;90;110m  [0m
[38;2;73;105;169m▗[7m[38;2;80;117;193m▀▀[38;2;79;115;188m▀[38;2;76;109;177m▀[0m[38;2;80;117;193m▃[38;2;80;116;191m▃[7m[38;2;78;114;187m▘[0m[38;2;80;117;193;48;2;81;118;194m▔[38;2;65;89;139;48;2;80;116;190m▁[0m[38;2;75;107;174m▀[0m [38;2;54;69;101m      [0m [38;2;71;101;162m▀[38;2;78;113;185;48;2;80;117;193m▁[38;2;80;117;192m▕[0m[38;2;73;104;168m▍[7m[38;2;116;170;209m▀[0m[38;2;99;142;173;48;2;124;183;224m▔[38;2;124;184;226;48;2;125;185;227m▁[0m[7m[38;2;119;175;214m▂[0m[38;2;104;151;185m▘  [0m
[38;2;75;107;174m▝[38;2;80;117;192m▀[38;2;81;118;194m▀[7m[38;2;78;113;186m▃[0m[38;2;63;87;134;48;2;80;117;192m▖[48;2;81;118;194m  [38;2;67;93;145;48;2;80;116;191m▁[38;2;73;102;149;48;2;93;136;191m▞[0m[38;2;117;171;210m▖          [38;2;77;110;180m▝[38;2;74;105;154;48;2;115;169;208m▀[38;2;98;141;173;48;2;123;183;224m▔[48;2;125;185;227m  [38;2;86;121;148;48;2;123;183;224m▝[0m[38;2;120;177;218m▅[7m[38;2;125;185;227m▀[38;2;124;183;225m▀[0m[38;2;111;162;199m▖[0m
 [38;2;0;0;0m [38;2;72;102;165m▗[7m[38;2;78;113;185m▘[0m[38;2;80;117;193;48;2;81;118;194m▔[38;2;66;92;144;48;2;80;116;191m▁[0m[38;2;75;108;176m▀[7m[38;2;109;159;195m▋[0m[38;2;124;183;225;48;2;124;184;226m▏[38;2;119;176;215m▔[0m[38;2;124;183;225m▖[0m [38;2;44;51;60m      [0m [7m[38;2;114;168;206m▀[0m[38;2;95;137;167;48;2;123;182;224m▔[38;2;124;184;226;48;2;125;185;227m▁[0m[7m[38;2;120;176;216m▗[38;2;122;181;222m▅[38;2;124;183;225m▅[0m[38;2;114;167;205m▀[38;2;121;178;219m▀[38;2;124;184;225m▀[38;2;124;184;226m▀[38;2;107;156;191m▘[0m
 [38;2;0;0;0m [0m [7m[38;2;75;108;175m▖[0m[38;2;76;109;178m▀[0m [38;2;56;73;109m [0m [7m[38;2;105;152;186m▖[0m[38;2;46;54;64;48;2;125;185;227m  [0m[7m[38;2;112;164;201m▝[0m[38;2;75;107;166m▅[38;2;80;117;192m▅[38;2;79;114;188m▅[7m[38;2;80;117;193m▀[38;2;80;117;192m▀[38;2;79;115;188m▀[0m[38;2;77;108;155;48;2;92;134;186m▏[38;2;97;141;193;48;2;97;142;194m▏[38;2;99;145;195;48;2;98;144;194m▕[0m[38;2;76;109;178m▃[38;2;80;117;193m▂[38;2;79;114;188m▂[38;2;75;108;175m▂[38;2;69;97;154m▂[0m [38;2;50;62;87m   [0m
 [38;2;0;0;0m     [0m [38;2;115;168;206m▅[38;2;112;163;200;48;2;124;184;226m▔[38;2;121;179;220m▁[38;2;107;155;190m▁[48;2;125;185;227m [38;2;73;101;134;48;2;122;180;221m▝[0m[7m[38;2;76;108;161m▗[0m[38;2;79;115;188m▀[38;2;80;117;193m▀[7m[38;2;77;111;182m▃[38;2;80;116;191m▖[0m[38;2;56;73;108;48;2;81;118;194m  [38;2;70;99;158;48;2;78;114;187m▕[0m[7m[38;2;80;117;192m▂[38;2;80;117;193m▂[38;2;79;114;188m▁[38;2;79;115;188m▂[38;2;70;99;159m▅[0m [38;2;42;47;59m   [0m
 [38;2;0;0;0m    [0m [38;2;105;152;186;48;2;121;178;219m▏[38;2;114;168;206;48;2;124;184;226m▁[0m[7m[38;2;120;177;217m▃[0m[38;2;95;135;166m▘[38;2;96;137;168m▝[38;2;83;116;141;48;2;124;184;226m▖[48;2;125;185;227m [38;2;91;129;158;48;2;120;177;217m▔[0m[38;2;105;152;186m▖  [0m [7m[38;2;76;110;179m▖[0m[38;2;44;53;69;48;2;81;118;194m [38;2;78;113;185;48;2;80;117;193m▔[0m[38;2;80;117;192m▖[0m [38;2;41;47;58m       [0m
 [38;2;0;0;0m  [0m     [38;2;46;55;66m   [0m [7m[38;2;109;158;194m▆[38;2;118;174;213m▆[38;2;113;165;202m▆[0m [38;2;43;49;58m  [0m [38;2;72;103;165m▀[38;2;80;116;191m▀[7m[38;2;72;101;163m▅[0m [38;2;42;48;61m       [0m
[?25h