[?25l[0m [38;2;0;0;0m         [38;2;61;82;126m▗[38;2;78;114;186m▆[38;2;80;117;193m▆▖   [0m [38;2;97;139;170m▁[0m [38;2;44;50;60m          [0m
 [38;2;0;0;0m     [38;2;66;91;143m▁[7m[38;2;74;106;171m▀[0m[38;2;80;117;192m▃[38;2;80;116;192m▂[38;2;79;116;190m▁[38;2;61;82;126;48;2;79;115;188m▎[48;2;81;118;194m [38;2;74;107;173;48;2;80;117;193m▕[0m[38;2;63;87;135m▖  [0m [38;2;96;137;167;48;2;124;184;225m▖[38;2;102;147;179;48;2;124;184;226m▔[0m[7m[38;2;119;175;215m▔[0m [38;2;74;101;123m [0m [38;2;109;158;194m▃[38;2;120;176;216m▂[0m [38;2;57;72;87m   [0m
 [38;2;0;0;0m    [0m [38;2;77;111;181m▀[7m[38;2;78;113;184m▃[38;2;78;113;185m▂[38;2;78;113;186m▁[0m[38;2;63;86;133;48;2;80;117;193m▁[38;2;80;117;192;48;2;81;118;194m▁  [0m[7m[38;2;80;117;192m▝[0m[38;2;77;112;183m▅[7m[38;2;77;111;181m▀[0m[38;2;76;110;178m▃[38;2;120;177;217m▝[48;2;125;185;227m  [0m[7m[38;2;118;173;213m▝[0m[38;2;123;181;222m▅[38;2;104;151;185;48;2;124;184;226m▔[38;2;116;171;210m▁[0m[7m[38;2;120;177;217m▂[0m[38;2;101;145;178m▘   [0m
 [7m[38;2;112;164;201m▀[38;2;124;184;226m▀[0m[38;2;124;184;226m▃[38;2;110;161;197m▃[38;2;105;151;186m▂[38;2;88;124;151m▁[0m [38;2;114;168;206m▃[38;2;123;182;223m▅[7m[38;2;124;184;226m▔[0m[38;2;123;181;223;48;2;71;97;131m▆[0m[7m[38;2;94;136;178m▂[38;2;80;117;192m▆▅[0m[38;2;80;117;192m▀[7m▃[38;2;80;117;193m▂[38;2;73;104;166m▁[38;2;120;178;218m▖[0m[38;2;72;97;122;48;2;125;185;227m  [0m[7m[38;2;121;179;220m▗[38;2;118;174;214m▅[0m[38;2;88;124;151m▔  [0m [38;2;40;45;54m  [0m
 [38;2;114;167;204m▀[7m[38;2;117;172;211m▃[38;2;118;173;213m▂[0m[38;2;83;115;141;48;2;124;184;226m▂[48;2;125;185;227m [38;2;124;183;225m▔[38;2;120;177;217m▔[38;2;113;165;202;48;2;124;184;226m▁[0m[7m[38;2;119;175;214m▂[38;2;117;173;212m▅[0m[38;2;84;118;144m▔       [38;2;103;148;182m▝[38;2;120;177;217;48;2;124;184;226m▏[48;2;125;185;227m [0m[7m[38;2;117;172;212m▝[0m [38;2;61;82;125m▁[38;2;77;111;182m▃[38;2;77;112;183m▆[7m[38;2;76;109;177m▝[0m [38;2;41;46;56m [0m
  [38;2;116;171;210m▃[38;2;118;174;213m▆[38;2;111;161;198;48;2;124;184;226m▔[38;2;111;162;199m▁[0m[7m[38;2;118;174;214m▂[0m[38;2;71;101;159;48;2;98;142;192m▖[38;2;79;114;188;48;2;76;106;141m▆[0m[38;2;75;108;175m▋         [0m [7m[38;2;110;161;198m▖[0m[38;2;84;118;157;48;2;124;184;226m▃[38;2;86;125;180;48;2;95;137;188m▕[0m[38;2;78;113;185m▆[38;2;76;109;177;48;2;80;117;193m▔[38;2;75;107;174m▁[0m[7m[38;2;78;112;184m▂[38;2;77;112;182m▅[0m [38;2;46;55;73m [0m
  [7m[38;2;111;162;199m▖[38;2;117;173;212m▂[38;2;116;170;208m▅[0m  [7m[38;2;78;112;184m▖[0m[38;2;51;65;93;48;2;81;118;194m [38;2;77;112;182;48;2;80;117;193m▕[0m[38;2;67;94;149m▖       [38;2;63;86;134m▁[38;2;78;113;184m▃[38;2;78;113;185m▆[38;2;76;110;179;48;2;80;117;193m▔[38;2;79;115;188;48;2;81;118;194m▁[38;2;80;117;193m▁ [38;2;65;89;139;48;2;80;116;191m▝[0m[38;2;78;113;184m▆[38;2;78;112;184m▅[7m[38;2;76;110;180m▀[0m [0m
 [38;2;0;0;0m [0m [38;2;40;44;53m  [38;2;63;87;134m▁[38;2;78;112;184m▃[7m[38;2;79;116;190m▘[0m[38;2;53;68;99;48;2;81;118;194m  [0m[7m[38;2;78;113;184m▝[38;2;110;161;197m▖[0m[38;2;124;183;225m▆▅[7m▀[0m[38;2;124;183;225m▃▂[38;2;83;119;172m▆[38;2;73;101;136;48;2;80;116;191m▂[0m[7m[38;2;80;117;193m▁[38;2;77;111;181m▂[38;2;76;110;179m▅[0m[38;2;60;81;124m▔[38;2;64;89;140m▔[7m[38;2;72;102;165m▆[38;2;74;106;172m▅[0m[38;2;75;109;176m▀[38;2;80;117;193m▀[38;2;75;107;174m▀[0m [0m
 [38;2;0;0;0m  [38;2;71;101;162m▗[38;2;78;114;186m▆[38;2;77;111;181;48;2;80;117;193m▔[38;2;70;99;158m▁[0m[7m[38;2;79;116;190m▃[38;2;78;113;184m▖[0m[38;2;43;50;64;48;2;81;118;194m [38;2;80;117;193m▔[0m[38;2;77;112;183m▖[7m[38;2;115;169;208m▅[0m[38;2;117;172;211m▀[7m[38;2;118;174;213m▃[38;2;123;183;224m▖[0m[38;2;74;101;124;48;2;125;185;227m  [38;2;124;183;225m▔[38;2;88;124;152;48;2;124;184;226m▔[0m[7m[38;2;120;177;217m▔[0m[38;2;119;176;216m▆[38;2;119;175;215m▅[7m[38;2;117;172;212m▀[0m [38;2;81;112;136m     [0m
 [38;2;0;0;0m  [0m [7m[38;2;79;114;187m▆[38;2;73;104;168m▅[0m [38;2;55;71;105m [0m [7m[38;2;78;114;186m▁[0m[38;2;71;101;162;48;2;81;118;194m▁[38;2;60;81;124;48;2;78;113;186m▕[0m [38;2;51;65;93m  [38;2;89;127;154m▝[38;2;112;163;200;48;2;124;184;225m▏[48;2;125;185;227m [38;2;85;119;145;48;2;121;179;220m▝[0m[38;2;123;181;223m▔[7m[38;2;123;183;224m▆[38;2;124;183;225m▅[0m[38;2;111;162;199m▀[38;2;94;134;164m▔      [0m
 [38;2;0;0;0m         [0m [38;2;69;97;155m▔[0m [38;2;50;63;89m   [38;2;124;184;226m▝[7m▂[38;2;120;177;217m▂[0m[38;2;83;115;140m▘          [0m
[?25h