[?25l[0m [38;2;0;0;0m     [0m  [38;2;43;51;66m    [0m [38;2;116;171;209m▂[38;2;123;181;223m▂[38;2;114;168;205m▂[0m [38;2;45;54;64m [0m [7m[38;2;105;152;186m▀[38;2;122;181;222m▀[0m[38;2;102;148;181m▃[0m [38;2;43;49;59m       [0m
 [38;2;0;0;0m    [7m[38;2;60;81;124m▊[0m[38;2;67;93;146;48;2;79;115;189m▔[38;2;76;110;178;48;2;81;118;194m▔[0m[38;2;78;113;186m▅[38;2;65;90;142m▖  [0m [38;2;111;163;199m▀[38;2;90;126;155;48;2;122;181;222m▁[48;2;125;185;227m [0m[7m[38;2;121;179;219m▝[0m[38;2;108;157;193m▃[7m[38;2;114;168;206m▘[0m[38;2;49;59;70;48;2;125;185;227m [38;2;117;172;211;48;2;124;184;226m▁[0m[38;2;123;183;224m▘[0m [38;2;42;49;58m       [0m
 [38;2;0;0;0m  [0m [38;2;73;104;168m▁[38;2;79;115;189m▁[38;2;81;118;194m▁[7m[38;2;78;113;185m▖[0m[38;2;59;80;121;48;2;81;118;194m [38;2;78;114;186;48;2;80;117;193m▔[0m[38;2;78;113;184m▅[38;2;79;116;190m▃[38;2;80;117;193m▃[7m[38;2;77;111;181m▀[38;2;79;115;189m▀[0m[38;2;74;104;145;48;2;100;145;192m▗[38;2;93;133;165;48;2;122;181;222m▁[48;2;125;185;227m  [38;2;110;161;197;48;2;124;183;225m▕[0m[38;2;114;166;204m▘  [0m [38;2;73;103;166m▅[38;2;69;98;156m▃[0m [38;2;42;47;59m   [0m
 [38;2;0;0;0m [0m [7m[38;2;77;112;182m▘[0m[38;2;68;95;151;48;2;81;118;194m▁[0m[7m[38;2;81;118;194m▁[38;2;80;117;193m▁[38;2;79;115;189m▁[38;2;81;118;194m▂[38;2;80;117;193m▂[0m[38;2;84;117;143;48;2;79;116;190m▂[0m[7m[38;2;81;118;194m▃[38;2;80;117;193m▃[38;2;80;116;191m▃[38;2;77;112;183m▃[0m[38;2;80;117;193m▀[38;2;74;104;156m▀[38;2;113;166;203m▀[38;2;93;132;161;48;2;123;182;223m▁[48;2;125;185;227m [0m[7m[38;2;120;177;217m▝[0m[38;2;100;144;176m▃[0m [7m[38;2;78;113;185m▘[0m[38;2;48;59;82;48;2;81;118;194m [38;2;73;103;166;48;2;80;117;192m▁[0m[38;2;73;103;167m▘   [0m
 [38;2;0;0;0m [0m   [38;2;40;44;52m [0m [7m[38;2;112;163;200m▘[0m[38;2;124;184;225;48;2;125;185;227m▔[38;2;119;176;216;48;2;124;184;226m▁[0m[38;2;106;154;188m▀[0m [38;2;44;51;60m      [0m [38;2;114;167;204m▀[38;2;93;132;162;48;2;123;182;223m▁[38;2;69;97;151;48;2;104;151;186m▗[38;2;65;90;135;48;2;80;117;193m▘[48;2;81;118;194m [38;2;80;117;193m▕[0m[7m[38;2;75;107;174m▝[38;2;79;115;189m▀[38;2;80;117;193m▀▀[0m[38;2;68;95;150m▃[0m
[38;2;110;160;196m▗[7m[38;2;123;182;224m▀[38;2;124;184;226m▀[0m[38;2;119;176;215m▅[38;2;123;181;222m▅[38;2;124;184;226m▅[7m[38;2;122;181;222m▘[0m[38;2;77;106;129;48;2;125;185;227m [38;2;103;149;183;48;2;123;182;223m▁[0m[38;2;117;172;210m▘          [38;2;77;111;181m▗[38;2;71;100;159;48;2;80;116;191m▔[48;2;81;118;194m [0m[7m[38;2;79;116;190m▗[38;2;80;117;193m▃[38;2;79;116;190m▃[38;2;78;113;185m▃[0m[38;2;80;117;193m▀[38;2;80;116;191m▀[38;2;73;105;169m▘[0m
[7m[38;2;98;141;173m▅[0m[38;2;124;184;226m▀▀[38;2;122;180;221m▀[7m[38;2;113;165;202m▖[0m[38;2;124;184;226;48;2;125;185;227m▏ [38;2;86;121;151;48;2;124;184;226m▗[38;2;93;134;168;48;2;77;110;167m▔[38;2;67;94;148;48;2;80;117;192m▔[0m[7m[38;2;76;110;179m▀[0m [38;2;57;75;111m      [0m [38;2;80;117;192m▗[38;2;78;113;185;48;2;80;117;193m▔[38;2;80;117;193;48;2;81;118;194m▁[0m[7m[38;2;74;106;173m▗[0m [38;2;49;61;85m [0m   [38;2;52;64;77m  [0m
 [38;2;0;0;0m  [38;2;108;158;193m▗[48;2;124;183;225m▔[48;2;125;185;227m [0m[7m[38;2;120;176;216m▗[0m [7m[38;2;69;97;155m▅[38;2;79;114;187m▖[0m[38;2;55;72;106;48;2;81;118;194m [38;2;67;93;147;48;2;80;116;191m▔[0m[7m[38;2;76;110;178m▀[38;2;95;136;174m▀[38;2;124;184;226m▀[0m[38;2;120;177;217m▅[38;2;124;183;225m▅[38;2;124;184;226m▅[38;2;120;176;216m▆[38;2;123;182;224;48;2;64;88;132m▆[38;2;124;184;226;48;2;66;90;128m▆[38;2;125;185;227;48;2;72;100;132m▆[0m[7m[38;2;123;181;223m▔[38;2;124;184;226m▔[0m[38;2;83;115;141;48;2;125;185;227m▔[38;2;106;153;188m▔[0m[7m[38;2;117;172;211m▗[0m [38;2;66;87;105m  [0m
 [38;2;0;0;0m  [0m [7m[38;2;102;147;180m▅[38;2;108;158;193m▃[0m [38;2;54;67;81m  [38;2;76;109;178m▗[38;2;75;107;173;48;2;80;117;193m▏[48;2;81;118;194m  [38;2;70;97;151;48;2;80;116;191m▔[38;2;81;114;153;48;2;87;127;184m▘[0m[38;2;120;178;218m▀[38;2;116;170;208m▀[7m[38;2;124;184;226m▅[38;2;121;179;219m▅[38;2;119;175;215m▃[0m[38;2;120;176;217;48;2;124;184;226m▁[48;2;125;185;227m [0m[7m[38;2;120;176;217m▝[0m[38;2;125;185;227m▔[38;2;120;177;218m▔[38;2;103;148;182m▔[0m [38;2;48;57;68m   [0m
 [38;2;0;0;0m      [0m [38;2;80;117;192m▗[38;2;78;112;184;48;2;80;117;193m▔[48;2;81;118;194m [0m[7m[38;2;76;110;180m▗[38;2;73;105;169m▅[38;2;79;115;188m▖[0m[38;2;57;75;111;48;2;81;118;194m [38;2;65;90;141;48;2;80;116;191m▔[0m[7m[38;2;75;108;175m▀[0m [38;2;54;71;104m  [38;2;92;131;161m▝[7m[38;2;120;176;216m▃[0m[38;2;111;162;199;48;2;125;185;227m▁[38;2;89;127;155;48;2;122;180;221m▁[0m[38;2;82;114;139m▎     [0m
 [38;2;0;0;0m      [0m [7m[38;2;70;99;159m▅[0m[38;2;80;117;192m▀[38;2;73;103;167m▀[0m [38;2;43;51;65m [0m [7m[38;2;76;109;178m▆[38;2;80;117;192m▆[38;2;78;113;185m▆[38;2;63;85;132m▆[0m[38;2;40;44;52m    [0m  [38;2;40;44;52m      [0m
[?25h