[?25l[0m [38;2;0;0;0m      [0m [38;2;44;51;61m    [38;2;60;82;125m▂[38;2;77;112;182m▂[38;2;80;116;191m▂[38;2;75;108;175m▂[0m [38;2;42;48;60m [0m [7m[38;2;72;102;164m▀[38;2;80;116;191m▀[0m[38;2;74;107;173m▖[0m [38;2;41;46;57m       [0m
 [38;2;0;0;0m    [0m [38;2;91;129;157;48;2;122;180;221m▔[38;2;112;164;201;48;2;125;185;227m▔[0m[38;2;119;176;216m▅[38;2;93;131;161m▖  [0m [38;2;74;106;172m▀[38;2;64;88;136;48;2;79;116;190m▁[48;2;81;118;194m [0m[7m[38;2;79;114;187m▝[0m[38;2;72;103;166m▃[7m[38;2;76;110;179m▘[0m[38;2;45;53;69;48;2;81;118;194m [38;2;76;110;179;48;2;80;117;193m▁[0m[38;2;80;116;191m▘[0m [38;2;41;46;56m       [0m
 [38;2;0;0;0m  [0m [38;2;105;153;187m▁[38;2;121;179;219m▁[38;2;125;185;227m▁[7m[38;2;120;176;217m▖[0m[38;2;80;111;135;48;2;125;185;227m [38;2;120;177;217;48;2;124;184;226m▔[0m[38;2;119;175;215m▅[38;2;121;179;220m▃[38;2;124;184;226m▃[7m[38;2;115;169;208m▀[38;2;121;178;218m▀[0m[38;2;80;112;149;48;2;87;126;182m▗[38;2;68;95;146;48;2;80;116;190m▁[48;2;81;118;194m  [38;2;73;104;168;48;2;80;117;192m▕[0m[38;2;74;106;173m▘  [0m [38;2;108;158;193m▅[38;2;100;145;177m▃[0m [38;2;43;49;59m   [0m
 [38;2;0;0;0m [0m [7m[38;2;117;172;210m▘[0m[38;2;105;152;186;48;2;125;185;227m▁[0m[7m[38;2;125;185;227m▁[38;2;124;184;226m▁[38;2;123;181;222m▁[0m[38;2;72;100;134;48;2;125;185;227m▂[38;2;66;91;129;48;2;124;184;226m▂[38;2;65;89;135;48;2;123;182;223m▂[0m[7m[38;2;119;176;215m▂[38;2;124;184;226m▃[38;2;123;182;224m▃[38;2;119;176;216m▃[0m[38;2;124;184;226m▀[38;2;94;135;172m▀[38;2;76;109;176m▀[38;2;66;90;142;48;2;80;116;191m▁[38;2;80;117;193;48;2;81;118;194m▔[0m[7m[38;2;78;114;186m▝[0m[38;2;68;96;152m▃[0m [7m[38;2;120;177;217m▘[0m[38;2;58;74;90;48;2;125;185;227m [38;2;108;157;192;48;2;124;183;225m▁[0m[38;2;107;155;190m▘   [0m
 [38;2;0;0;0m [0m   [38;2;41;47;55m [0m [7m[38;2;75;108;176m▘[0m[38;2;44;51;67;48;2;81;118;194m [38;2;77;111;182;48;2;80;117;193m▁[0m[38;2;80;117;192m▘[0m [38;2;41;45;55m      [0m [38;2;75;108;176m▀[38;2;65;90;141;48;2;80;116;191m▁[38;2;67;93;143;48;2;89;129;183m▞[38;2;86;121;151;48;2;124;184;226m▘[48;2;125;185;227m [38;2;124;184;225m▕[0m[7m[38;2;112;163;200m▝[38;2;121;178;219m▀[38;2;124;184;225m▀[38;2;124;184;226m▀[0m[38;2;108;157;193m▖[0m
[38;2;75;108;175m▗[7m[38;2;80;117;192m▀[38;2;81;118;194m▀[0m[38;2;78;114;186m▅[38;2;80;116;192m▅[38;2;80;117;193m▅[38;2;80;116;190m▆[48;2;81;118;194m [38;2;69;97;153;48;2;79;116;190m▁[0m[38;2;76;109;177m▘          [38;2;117;172;211m▗[38;2;103;150;184;48;2;123;182;223m▔[48;2;125;185;227m [0m[7m[38;2;122;181;222m▗[38;2;124;184;226m▃[38;2;123;182;224m▃[38;2;120;177;217m▃[0m[38;2;125;185;227m▀[38;2;124;183;225m▀[38;2;110;161;197m▘[0m
[38;2;73;105;169m▝[38;2;80;117;193m▀[38;2;80;117;192m▀[38;2;78;114;187m▀[7m[38;2;75;107;174m▖[0m[38;2;80;117;193;48;2;81;118;194m▏ [38;2;63;85;126;48;2;80;117;193m▗[38;2;76;106;146;48;2;111;162;198m▀[38;2;93;132;161;48;2;123;182;223m▔[0m[7m[38;2;114;167;205m▀[0m [38;2;73;99;120m      [0m [7m[38;2;106;154;189m▀[0m[38;2;119;176;216;48;2;124;184;226m▔[38;2;124;184;226;48;2;125;185;227m▁[0m[7m[38;2;112;164;201m▗[0m [38;2;60;77;93m [0m   [38;2;47;57;78m  [0m
 [38;2;0;0;0m  [38;2;73;105;169m▗[38;2;74;106;172;48;2;80;117;193m▔[48;2;81;118;194m [0m[7m[38;2;77;112;183m▗[0m [7m[38;2;99;143;175m▅[38;2;120;177;217m▖[0m[38;2;124;184;226;48;2;125;185;227m▏[38;2;93;133;163;48;2;123;182;223m▔[0m[7m[38;2;114;167;205m▀[38;2;75;106;160m▀[38;2;81;118;194m▀[0m[38;2;79;114;188m▅[38;2;80;117;192m▅[38;2;80;117;193m▅[38;2;79;114;187m▆[38;2;80;117;192;48;2;87;123;153m▆[38;2;80;117;193;48;2;78;109;141m▆[38;2;81;118;194;48;2;72;100;138m▆[0m[7m[38;2;80;117;192m▔[38;2;80;117;193m▔[0m[38;2;63;85;133;48;2;81;118;194m▔[38;2;74;107;173m▔[0m[7m[38;2;78;113;184m▗[0m [38;2;54;69;102m  [0m
 [38;2;0;0;0m  [0m [7m[38;2;70;98;157m▅[38;2;72;102;163m▃[0m [38;2;45;54;71m  [38;2;112;164;201m▗[38;2;109;158;194;48;2;124;183;225m▏[48;2;125;185;227m  [38;2;94;134;166;48;2;123;181;223m▔[38;2;75;105;148;48;2;100;146;193m▘[0m[38;2;79;115;188m▀[38;2;77;111;180m▀[7m[38;2;80;117;193m▅[38;2;79;116;190m▅[38;2;78;113;185m▃[0m[38;2;79;114;188;48;2;81;118;194m▁ [38;2;60;81;124;48;2;79;114;188m▝[0m[38;2;81;118;194m▔[38;2;79;116;190m▔[38;2;73;104;167m▔[0m [38;2;45;53;70m   [0m
 [38;2;0;0;0m      [0m [38;2;123;182;223m▗[38;2;116;170;208;48;2;124;184;226m▔[48;2;125;185;227m [0m[7m[38;2;116;170;209m▗[38;2;108;157;193m▅[38;2;121;178;219m▖[0m[38;2;73;99;121;48;2;125;185;227m [38;2;90;128;156;48;2;122;181;222m▔[0m[7m[38;2;112;163;200m▀[0m [38;2;68;90;110m  [38;2;66;91;144m▝[7m[38;2;78;114;186m▃[0m[38;2;75;109;177;48;2;81;118;194m▁[38;2;66;92;145;48;2;80;116;190m▁[0m[38;2;62;84;130m▎     [0m
 [38;2;0;0;0m      [0m [38;2;112;164;201m▝[38;2;123;182;224m▀[38;2;107;155;190m▀[0m [38;2;46;55;66m [0m [7m[38;2;114;167;204m▆[38;2;123;182;224m▆[38;2;118;173;212m▆[38;2;83;116;142m▆[0m[38;2;40;44;52m    [0m  [38;2;40;44;52m      [0m
[?25h