[?25l[0m [38;2;0;0;0m      [0m [38;2;75;108;176m▗[7m[38;2;79;116;190m▀[38;2;71;100;160m▀[0m [38;2;42;49;61m  [0m [38;2;112;165;202m▂[38;2;117;172;211m▂[38;2;107;155;190m▂[0m [38;2;71;97;118m   [0m  [38;2;40;44;52m      [0m
 [38;2;0;0;0m      [0m [38;2;80;117;192m▝[38;2;78;113;184;48;2;80;117;193m▁[38;2;80;117;193;48;2;81;118;194m▔[0m[7m[38;2;75;108;175m▝[0m [38;2;50;62;87m  [38;2;105;152;187m▝[38;2;93;132;162;48;2;124;184;226m▖[48;2;125;185;227m [38;2;83;116;141;48;2;124;184;226m▝[0m[38;2;95;136;166m▖[38;2;93;132;162m▂[38;2;119;176;216m▅[38;2;112;164;201;48;2;125;185;227m▔[38;2;91;129;158;48;2;122;180;221m▔[0m [38;2;81;113;138m     [0m
 [38;2;0;0;0m  [0m [38;2;69;97;155m▃[38;2;79;114;187m▆[7m[38;2;78;114;187m▔[0m[38;2;80;117;193m▆[38;2;80;116;191m▆[38;2;70;98;156;48;2;78;113;186m▏[48;2;81;118;194m  [0m[7m[38;2;80;116;190m▝[0m[38;2;76;110;180m▅[7m[38;2;80;117;192m▀[38;2;79;114;187m▀[0m[38;2;79;115;189m▃[7m[38;2;122;180;221m▖[0m[38;2;73;100;131;48;2;125;185;227m [38;2;106;154;188;48;2;124;184;226m▔[38;2;120;178;218m▔[38;2;113;165;203m▁[0m[7m[38;2;116;170;208m▃[0m [38;2;81;113;138m      [0m
 [38;2;0;0;0m  [0m [38;2;80;117;192m▔[7m[38;2;74;105;170m▆[38;2;78;113;185m▆[38;2;80;117;192m▆[38;2;81;118;194m▆[0m[38;2;73;104;161;48;2;107;156;204m▘[38;2;97;142;193;48;2;97;141;192m▏[38;2;76;107;153;48;2;92;133;184m▕[0m[38;2;78;114;186m▀[38;2;80;117;192m▀[38;2;80;117;193m▀[7m[38;2;78;113;186m▃[38;2;80;116;192m▃[38;2;73;104;161m▃[38;2;113;165;202m▖[0m[38;2;48;59;73;48;2;125;185;227m  [0m[7m[38;2;105;153;187m▝[0m [38;2;44;51;61m [0m [7m[38;2;77;111;182m▀[38;2;76;109;177m▝[0m [38;2;53;68;99m  [0m
[38;2;107;156;191m▗[7m[38;2;124;184;226m▀[38;2;124;184;225m▀[38;2;121;178;218m▀[38;2;114;167;205m▀[0m[38;2;124;183;225m▃[38;2;122;181;222m▃[38;2;120;176;216m▆[38;2;124;184;226;48;2;125;185;227m▔[38;2;94;134;164;48;2;123;182;223m▁[0m[38;2;114;167;204m▀[0m [38;2;72;97;119m      [0m [38;2;106;154;189m▀[38;2;119;176;216;48;2;124;184;226m▁[38;2;124;184;226;48;2;125;185;227m▁[0m[7m[38;2;93;133;169m▝[38;2;77;111;181m▀[0m[38;2;69;97;154;48;2;80;117;192m▔[38;2;80;117;193;48;2;81;118;194m▁[0m[7m[38;2;78;113;185m▂[0m[38;2;72;103;165m▘  [0m
[38;2;111;162;198m▝[38;2;124;183;224m▀[38;2;124;184;226m▀[7m[38;2;120;177;217m▃[0m[38;2;87;123;150;48;2;124;183;224m▖[48;2;125;185;227m  [38;2;97;139;171;48;2;123;182;224m▁[38;2;76;107;146;48;2;101;147;194m▖[0m[38;2;76;109;177m▖          [38;2;117;172;211m▝[38;2;79;111;151;48;2;87;126;185m▝[38;2;70;98;155;48;2;80;117;192m▔[48;2;81;118;194m  [38;2;64;88;138;48;2;80;117;192m▝[0m[38;2;79;115;188m▅[38;2;77;111;180m▅[7m[38;2;80;117;193m▀[0m[38;2;76;109;177m▖[0m
 [38;2;0;0;0m [38;2;105;152;186m▗[38;2;119;175;215m▆[38;2;124;184;226;48;2;125;185;227m▔[38;2;97;140;171;48;2;123;183;224m▁[0m[38;2;115;169;207m▀[7m[38;2;72;102;154m▖[0m[38;2;80;117;193;48;2;81;118;194m▔[38;2;77;111;182;48;2;80;117;193m▔[0m[38;2;80;117;192m▖[0m [38;2;41;45;55m      [0m [7m[38;2;76;110;178m▀[0m[38;2;68;94;149;48;2;80;117;192m▔[48;2;81;118;194m [0m[7m[38;2;78;114;186m▂[38;2;80;116;191m▅[38;2;80;117;193m▅[0m[38;2;76;110;179m▀[38;2;79;115;189m▀[38;2;80;117;193m▀▀[38;2;73;104;168m▘[0m
 [38;2;0;0;0m [0m [7m[38;2;112;165;202m▖[0m[38;2;116;170;209m▀[0m [38;2;76;104;127m [0m [7m[38;2;72;103;166m▖[0m[38;2;43;50;64;48;2;81;118;194m [38;2;80;117;193m▔[0m[7m[38;2;74;105;170m▝[0m[38;2;100;144;179m▅[38;2;123;183;224m▅[38;2;120;177;217m▅[7m[38;2;124;184;226m▀[38;2;123;183;224m▀[38;2;120;177;217m▀[0m[38;2;67;93;147;48;2;102;148;197m▘[38;2;94;137;191;48;2;93;135;190m▏[38;2;91;132;188;48;2;92;133;189m▕[0m[38;2;113;165;202m▃[38;2;124;183;225m▂[38;2;119;176;216m▂[38;2;110;161;197m▂[38;2;124;183;225m▁[0m [38;2;57;73;88m   [0m
 [38;2;0;0;0m     [38;2;60;81;123m▗[38;2;76;110;179m▅[38;2;75;108;176;48;2;80;117;193m▔[38;2;78;113;186;48;2;81;118;194m▁[38;2;73;103;166;48;2;80;117;193m▁[48;2;81;118;194m [0m[7m[38;2;79;114;188m▝[38;2;122;180;221m▅[0m[38;2;121;178;218m▀[38;2;124;183;225m▀[7m[38;2;116;171;209m▃[38;2;123;181;223m▖[0m[38;2;70;94;114;48;2;125;185;227m  [38;2;102;147;180;48;2;120;177;217m▕[0m[7m[38;2;123;182;224m▂[38;2;124;184;226m▂[38;2;120;178;218m▁[38;2;121;178;219m▂[38;2;101;146;179m▅[0m [38;2;43;49;59m   [0m
 [38;2;0;0;0m    [7m[38;2;61;82;126m▊[0m[38;2;67;93;147;48;2;79;116;190m▁[38;2;75;108;176;48;2;80;117;193m▁[0m[7m[38;2;78;113;185m▃[38;2;65;89;140m▆[0m[38;2;68;96;152m▝[38;2;62;85;132;48;2;80;117;193m▖[48;2;81;118;194m [38;2;63;86;132;48;2;78;113;185m▔[0m[38;2;69;97;155m▖  [0m [7m[38;2;113;166;203m▖[0m[38;2;124;184;226;48;2;125;185;227m▏[38;2;119;175;215;48;2;124;184;226m▔[0m[38;2;123;183;224m▖[0m [38;2;43;49;58m       [0m
 [38;2;0;0;0m     [0m  [38;2;43;50;64m   [0m [7m[38;2;73;105;169m▆[38;2;78;112;184m▆[38;2;74;105;170m▆[0m [38;2;40;45;55m  [0m [38;2;104;151;185m▀[38;2;122;181;222m▀[38;2;114;167;205m▘[0m [38;2;44;51;61m       [0m
[?25h